0 8
0 9
0 82
0 69
1 43
1 19
1 46
1 30
1 65
2 32
2 33
2 4
2 7
2 8
2 80
2 22
2 93
2 30
2 63
3 97
3 74
3 63
3 77
3 23
4 33
4 42
4 15
4 48
4 51
4 20
4 86
4 29
5 42
5 19
5 60
6 34
6 36
6 44
6 78
6 16
6 19
6 30
7 17
7 59
7 84
7 50
8 22
8 40
8 16
8 54
8 87
9 53
10 65
10 69
10 12
10 13
10 78
10 77
11 42
11 75
12 32
12 71
12 40
12 14
12 50
12 52
12 61
12 94
13 56
13 25
13 26
13 79
14 69
14 45
14 78
14 79
14 17
14 56
14 59
14 60
15 33
15 78
15 18
15 36
15 61
16 23
16 51
16 55
16 92
17 40
17 27
17 93
18 48
18 23
19 99
19 33
19 46
19 50
19 65
20 65
20 69
20 43
20 56
20 27
20 61
21 33
21 66
21 65
21 77
21 57
21 91
22 37
22 84
22 60
22 31
23 36
23 69
23 39
23 73
23 50
23 86
23 58
24 56
24 26
24 76
25 73
25 42
25 52
25 54
25 56
25 29
25 31
26 64
26 82
26 50
26 51
26 28
27 67
27 73
27 75
27 78
27 82
27 99
27 94
28 97
28 67
28 68
28 38
28 42
28 82
28 59
29 64
29 61
29 85
30 70
30 83
30 54
30 31
31 64
31 37
31 89
31 59
31 93
32 96
32 37
32 42
32 57
33 38
33 41
33 86
33 92
33 63
34 37
35 99
35 91
35 83
35 76
35 78
36 99
36 87
37 68
37 40
37 83
37 50
37 51
37 60
38 69
38 39
38 51
38 59
38 93
39 62
40 99
40 50
40 72
40 57
41 82
41 89
42 96
42 87
42 95
43 77
44 78
44 69
45 47
46 77
46 81
46 85
46 60
47 78
48 57
48 77
49 72
49 65
49 91
49 59
49 97
50 69
51 96
51 63
52 58
52 83
52 63
53 67
53 63
54 83
55 80
55 84
55 61
55 87
56 78
56 89
57 61
57 94
57 85
58 83
58 93
58 94
59 69
59 73
60 99
60 68
60 94
61 86
62 89
62 97
62 78
63 94
63 85
64 92
64 90
65 70
66 73
66 99
66 78
70 96
70 72
70 77
70 84
71 98
71 79
72 97
73 76
73 94
74 83
75 77
75 86
77 82
78 84
78 90
79 96
79 99
81 88
83 85
83 95
85 96
88 96
88 94
88 97
89 97
90 98
94 99
96 99
