0 4
0 8
0 43
0 14
0 30
0 31
1 99
1 70
1 76
1 50
1 18
1 87
1 26
1 94
1 95
2 33
2 34
2 77
2 61
2 54
2 79
2 29
3 65
3 11
3 73
4 38
4 14
4 81
4 53
4 59
4 61
5 42
6 64
6 19
6 98
6 15
6 16
6 83
6 88
6 29
7 25
7 42
7 11
7 54
8 32
8 65
8 44
8 77
8 14
8 80
8 18
8 20
8 63
9 35
9 11
9 76
9 19
9 55
9 24
9 89
9 92
9 94
9 63
10 69
10 45
10 15
10 85
10 86
10 25
10 27
11 96
11 33
11 68
11 37
11 43
11 54
11 55
11 58
11 63
12 24
12 57
12 26
12 13
13 48
13 34
13 85
13 71
14 44
14 21
14 55
14 59
15 44
15 48
15 54
15 24
16 66
16 83
16 94
16 31
17 78
18 96
18 67
18 77
18 25
18 57
18 27
19 45
19 57
19 26
19 27
19 90
20 97
20 47
20 80
20 57
20 26
20 92
21 74
21 75
21 90
21 22
21 58
21 61
22 54
22 46
23 56
23 66
23 69
23 71
24 66
24 59
24 37
24 44
24 47
24 50
24 84
24 95
25 32
25 66
25 43
25 98
25 55
26 40
26 47
26 58
26 93
26 63
27 34
27 71
27 77
27 92
27 62
28 32
28 65
28 85
28 80
29 84
29 39
30 49
30 65
31 38
31 75
31 78
31 89
32 93
32 48
33 70
33 78
33 52
33 94
34 85
34 54
34 92
35 90
36 97
36 83
36 60
36 38
37 68
37 86
38 70
38 77
38 46
38 93
38 61
39 88
39 49
39 50
39 73
40 74
40 86
41 64
41 88
41 82
42 72
42 76
44 96
44 46
44 81
44 54
45 82
45 93
46 76
46 55
46 88
46 59
46 94
47 65
47 98
47 55
47 89
47 62
48 67
48 73
48 75
48 61
49 58
49 99
49 84
50 80
50 83
50 90
51 57
51 58
51 52
51 81
52 63
53 63
54 56
54 95
55 70
55 81
55 60
56 69
56 72
56 85
56 86
56 88
58 75
59 67
59 93
59 94
59 85
60 92
60 83
60 70
61 98
61 78
61 81
61 90
62 67
62 73
62 80
62 83
64 98
64 68
65 66
65 68
65 88
66 83
66 89
67 81
67 88
68 81
68 85
69 76
70 74
70 86
70 91
71 95
72 93
73 74
73 75
73 86
73 87
74 88
75 95
75 86
75 88
75 91
76 77
76 81
76 91
77 98
78 83
79 89
79 93
81 99
82 88
83 92
83 94
84 89
86 95
87 96
93 95
