0 67
0 8
0 76
0 12
0 19
0 59
0 61
1 32
1 58
1 5
2 97
2 31
2 74
2 59
2 60
2 95
3 35
3 87
3 55
3 31
3 28
3 63
4 97
4 21
4 77
4 69
5 32
5 49
5 64
5 33
6 71
6 58
6 19
6 15
7 41
7 75
7 13
7 77
7 80
7 17
7 61
8 60
8 23
9 76
9 71
9 44
9 97
9 31
10 99
10 68
10 69
10 54
10 87
10 89
10 91
10 31
11 76
11 47
11 60
11 23
12 76
12 94
12 78
12 63
13 70
13 72
13 47
13 27
13 31
14 40
14 34
14 99
14 69
14 87
15 65
15 37
15 72
15 41
15 76
15 77
15 92
15 94
15 63
16 17
16 58
17 32
17 64
17 34
17 35
17 74
17 75
17 18
17 67
17 87
18 28
18 62
19 67
19 70
19 42
19 53
19 26
19 29
20 24
20 66
20 43
20 21
20 94
21 91
21 63
21 41
22 80
22 90
22 53
22 46
22 23
23 97
23 99
23 27
23 93
24 60
24 26
25 69
25 70
25 39
25 73
25 76
25 93
26 97
26 39
26 41
26 50
26 28
27 98
27 93
27 69
28 32
28 67
28 45
28 51
28 85
28 88
28 58
29 32
29 41
29 74
29 81
29 84
29 86
29 60
30 56
30 73
30 82
30 37
30 69
31 32
31 67
31 61
31 94
32 98
32 99
32 36
32 81
32 71
33 38
33 45
33 79
33 52
33 86
33 89
34 98
34 69
34 38
34 88
34 89
34 92
35 80
35 94
35 65
36 47
36 80
36 54
36 88
36 60
37 70
37 73
37 75
37 94
37 84
37 85
37 56
37 89
38 67
38 60
38 54
39 96
39 67
39 71
39 60
40 67
40 61
40 93
41 64
41 78
41 53
41 57
42 43
42 86
42 71
43 68
43 78
44 97
44 71
44 74
44 48
44 81
45 90
45 53
45 69
46 82
46 60
46 61
46 95
47 96
47 65
47 82
47 59
47 95
48 56
48 49
49 67
49 70
49 77
50 96
50 73
50 88
50 51
50 56
50 90
50 95
51 74
51 62
51 93
53 83
53 86
53 90
54 96
54 63
54 91
54 95
55 88
56 99
56 85
57 96
57 68
57 78
57 82
57 95
58 77
58 91
61 81
62 70
63 68
63 91
64 97
64 77
64 85
65 67
66 67
66 94
66 86
68 96
68 69
68 87
68 94
69 72
70 72
70 74
71 80
72 98
72 99
72 78
73 87
75 98
77 80
77 88
78 93
80 97
80 91
81 85
82 88
82 91
82 92
83 84
84 99
85 86
86 96
86 98
87 88
89 99
90 95
91 99
92 94
94 95
