 .. .. 2.6834343434343433 
 36 46 2.6733333333333333 
 36 51 2.664040404040404 
 87 71 2.6547474747474746 
 36 55 2.645656565656566 
 9 36 2.635959595959596 
 28 36 2.625656565656566 
 36 57 2.6165656565656565 
 18 36 2.606868686868687 
 99 36 2.597979797979798 
 5 36 2.58969696969697 
 92 36 2.581010101010101 
 78 36 2.5727272727272728 
 97 36 2.5646464646464646 
 89 36 2.556767676767677 
 95 36 2.5486868686868687 
 36 56 2.54040404040404 
 21 36 2.5323232323232325 
 74 36 2.5244444444444443 
 85 36 2.5165656565656565 
 76 36 2.5084848484848483 
 15 36 2.50040404040404 
 86 36 2.4923232323232325 
 32 36 2.4842424242424244 
 19 36 2.4761616161616162 
 87 36 2.4682828282828284 
 29 36 2.4606060606060605 
 70 36 2.452929292929293 
 75 36 2.445050505050505 
 3 36 2.4375757575757575 
 67 36 2.42989898989899 
 1 36 2.422222222222222 
 61 36 2.4143434343434342 
 36 49 2.4064646464646464 
 36 40 2.3985858585858586 
 6 36 2.390707070707071 
 80 36 2.3826262626262626 
 52 36 2.3745454545454545 
 0 36 2.3664646464646464 
 4 36 2.3581818181818184 
 58 36 2.3496969696969696 
 17 36 2.3412121212121213 
 96 36 2.3325252525252527 
 20 36 2.323838383838384 
 82 36 2.315151515151515 
 94 36 2.3062626262626265 
 31 36 2.2973737373737375 
 81 36 2.288686868686869 
 83 36 2.27979797979798 
 53 36 2.270909090909091 
 88 36 2.262020202020202 
