 .. .. 2.7393939393939393 
 15 79 2.7236363636363636 
 52 94 2.7094949494949496 
 94 44 2.6987878787878787 
 83 31 2.688282828282828 
 62 94 2.6777777777777776 
 23 94 2.6672727272727275 
 55 94 2.6565656565656566 
 1 94 2.646060606060606 
 16 94 2.6363636363636362 
 59 94 2.627070707070707 
 94 43 2.618585858585859 
 94 48 2.6098989898989897 
 24 94 2.6014141414141414 
 14 94 2.592929292929293 
 18 94 2.5846464646464646 
 90 94 2.576363636363636 
 60 94 2.5682828282828285 
 79 94 2.5602020202020204 
 8 94 2.552929292929293 
 73 94 2.5456565656565657 
 4 94 2.5383838383838384 
 42 94 2.531111111111111 
 83 94 2.5236363636363635 
 5 94 2.5161616161616163 
 75 94 2.5084848484848483 
 58 94 2.501212121212121 
 11 94 2.494141414141414 
 33 94 2.487070707070707 
 40 94 2.4797979797979797 
 46 94 2.4727272727272727 
 9 94 2.4656565656565657 
 51 94 2.4585858585858587 
 6 94 2.4515151515151516 
 22 94 2.4442424242424243 
 30 94 2.4367676767676767 
 81 94 2.429090909090909 
 21 94 2.4214141414141412 
 54 94 2.4137373737373737 
 78 94 2.4060606060606062 
 84 94 2.398181818181818 
 93 94 2.39030303030303 
 47 94 2.3826262626262626 
 49 94 2.374747474747475 
 56 94 2.366868686868687 
 87 94 2.358787878787879 
 45 94 2.3507070707070707 
 65 94 2.3424242424242423 
 94 98 2.333939393939394 
 57 94 2.3254545454545457 
 61 94 2.3167676767676766 
