 .. .. 2.81010101010101 
 78 9 2.791313131313131 
 98 33 2.7745454545454544 
 78 42 2.76 
 78 81 2.7454545454545456 
 78 80 2.7325252525252526 
 78 83 2.72020202020202 
 78 64 2.7076767676767677 
 78 18 2.6965656565656566 
 72 78 2.685656565656566 
 78 71 2.6745454545454543 
 78 43 2.6632323232323234 
 45 78 2.651919191919192 
 53 78 2.6418181818181816 
 74 78 2.6317171717171717 
 39 78 2.6218181818181816 
 68 78 2.611919191919192 
 24 78 2.602020202020202 
 78 41 2.592323232323232 
 78 34 2.582626262626263 
 11 78 2.573131313131313 
 61 78 2.5634343434343436 
 0 78 2.554141414141414 
 76 78 2.5446464646464646 
 78 17 2.534949494949495 
 49 78 2.525252525252525 
 67 78 2.5157575757575756 
 78 91 2.5064646464646465 
 78 98 2.496969696969697 
 78 89 2.488080808080808 
 78 95 2.479191919191919 
 55 78 2.4703030303030302 
 7 78 2.4616161616161616 
 48 78 2.4527272727272726 
 78 92 2.443636363636364 
 54 78 2.4345454545454546 
 1 78 2.4256565656565656 
 75 78 2.4165656565656564 
 78 88 2.4072727272727272 
 5 78 2.397979797979798 
 13 78 2.3884848484848487 
 78 93 2.378989898989899 
 16 78 2.3696969696969696 
 78 87 2.3604040404040405 
 29 78 2.3513131313131312 
 58 78 2.342020202020202 
 78 79 2.3325252525252527 
 21 78 2.323232323232323 
 46 78 2.313939393939394 
 78 97 2.3044444444444445 
 8 78 2.294949494949495 
