0 46
0 36
0 37
0 38
1 32
1 64
1 69
1 14
1 84
1 62
2 23
2 47
2 87
2 25
2 91
2 94
3 92
3 12
3 85
4 96
4 29
5 37
5 95
5 13
5 7
6 8
6 55
6 36
6 15
7 67
7 40
7 52
7 57
7 26
7 31
8 97
8 44
8 79
8 52
8 21
8 54
8 91
8 94
9 99
9 81
9 45
9 15
9 16
9 17
9 51
9 52
9 85
9 25
9 26
9 29
10 65
10 68
10 74
10 84
10 29
10 31
11 78
11 46
12 83
12 35
12 69
12 78
12 99
12 81
12 56
12 28
13 65
13 35
13 97
13 45
13 53
13 56
14 86
14 85
14 70
15 56
15 88
15 80
16 29
17 82
17 93
17 78
18 33
18 50
18 90
18 22
19 35
19 39
19 44
19 47
19 50
19 83
19 53
19 24
19 28
19 63
20 51
20 35
20 45
20 71
21 77
21 72
21 50
21 83
21 86
22 36
22 79
22 57
22 29
22 94
23 35
23 42
23 76
23 46
23 88
24 83
24 68
24 38
24 71
24 75
24 45
24 50
24 90
25 65
25 71
25 76
25 93
25 47
25 84
25 29
26 76
26 46
26 57
26 90
27 35
27 76
27 30
27 79
28 33
28 70
28 81
28 30
28 95
29 98
29 38
29 40
29 45
29 47
30 33
30 66
31 44
31 85
32 40
32 61
33 66
33 36
33 73
33 85
34 56
34 35
34 79
35 59
35 66
35 38
35 72
35 93
35 62
36 38
36 76
36 83
36 52
36 91
36 63
37 77
37 82
37 52
37 88
38 64
38 83
38 94
40 64
40 55
40 58
41 64
41 49
41 42
41 69
41 54
42 80
42 89
43 97
43 90
43 77
44 99
44 77
44 72
44 82
45 51
45 57
45 59
46 64
46 75
46 70
46 72
46 47
46 82
46 93
47 54
47 92
48 96
48 73
48 67
48 86
48 99
49 96
50 98
50 69
50 72
51 65
51 69
51 70
51 56
51 84
52 98
52 84
52 95
52 69
53 65
53 74
53 80
53 59
54 93
55 72
55 61
55 93
56 71
56 85
57 85
57 89
58 72
58 74
59 66
60 74
60 90
61 82
61 71
61 85
62 66
62 94
62 73
63 92
63 68
64 68
64 71
64 83
66 92
67 86
68 99
68 72
68 73
68 79
68 88
68 85
68 74
69 96
70 75
70 88
71 98
71 99
72 97
72 77
72 99
72 84
73 78
76 96
76 78
76 84
77 88
77 95
78 94
79 81
79 83
81 97
82 99
82 84
82 85
85 97
85 88
87 99
87 98
90 96
91 95
