0 90
0 98
0 86
0 95
1 68
1 72
1 15
1 18
1 19
1 53
1 28
2 8
2 81
2 36
2 86
2 63
3 17
3 29
3 7
4 67
4 68
4 69
4 10
4 50
4 35
4 20
4 60
5 61
6 97
6 18
7 72
7 97
7 60
7 29
8 83
8 75
8 70
8 95
9 42
9 76
9 13
9 46
9 15
9 18
9 20
9 85
9 25
9 59
9 94
10 40
10 51
10 77
11 75
11 12
11 94
12 17
12 52
12 37
12 43
13 96
13 36
13 72
13 45
13 50
13 51
13 91
13 94
13 31
14 16
14 88
14 42
14 82
14 89
15 78
15 49
15 22
15 88
15 27
16 75
16 77
16 23
16 57
16 60
17 19
18 41
18 46
18 48
18 56
18 90
19 64
19 35
19 40
19 44
19 47
19 26
20 65
20 35
20 74
20 77
20 87
20 91
20 62
21 65
21 75
21 44
21 78
21 49
21 23
22 32
22 78
22 82
22 26
22 27
23 32
23 80
23 73
23 74
23 89
23 28
24 86
25 64
25 99
26 51
26 70
26 41
26 75
27 65
27 73
27 77
27 81
27 87
28 48
29 32
29 78
29 47
29 87
29 57
29 30
30 33
30 90
30 54
31 68
31 37
31 80
31 82
31 90
32 69
32 44
32 78
33 41
33 95
33 91
33 73
34 36
34 69
34 41
34 75
34 49
34 54
35 73
35 76
35 86
35 89
36 65
36 44
37 52
37 70
38 65
38 70
38 44
38 50
38 54
38 90
39 72
39 62
40 72
40 81
40 87
40 92
40 63
41 81
41 54
41 59
41 94
41 63
42 51
42 86
42 61
43 48
43 58
43 98
44 64
44 83
44 97
44 84
44 88
44 95
45 93
45 62
45 63
46 98
46 49
47 93
47 78
47 53
48 76
49 67
49 70
49 93
49 62
50 55
50 58
50 91
51 77
51 54
52 96
52 55
52 89
52 57
53 64
53 69
53 80
53 81
54 81
54 92
55 83
55 69
55 62
56 88
57 76
57 98
58 99
58 70
58 71
58 92
59 88
59 86
59 65
60 66
60 87
60 91
60 62
61 74
62 99
62 68
63 73
64 71
64 75
64 90
65 68
66 84
66 74
66 71
69 73
69 79
69 86
69 92
70 83
71 91
72 97
73 96
73 86
74 95
75 81
75 91
75 85
76 78
76 81
77 85
80 92
81 85
84 89
84 85
84 86
85 96
85 93
86 99
86 87
86 94
87 91
87 93
90 93
91 99
91 93
93 94
94 95
