0 1
0 73
0 75
0 49
0 82
0 23
0 59
1 96
1 5
1 95
1 48
1 22
1 24
1 59
1 60
1 94
1 37
2 99
2 81
2 75
2 13
3 68
3 37
3 38
3 43
3 46
3 18
3 24
3 57
4 66
4 19
4 92
4 61
4 77
5 40
5 12
5 13
5 69
6 34
6 99
6 39
6 73
6 10
6 95
7 17
7 34
7 59
7 37
7 39
8 38
8 28
8 37
8 22
9 83
9 59
10 83
10 35
10 79
10 47
10 51
10 25
10 59
10 92
11 99
11 73
11 20
11 21
11 22
11 23
11 93
11 62
11 85
12 71
12 44
12 45
12 16
12 18
13 97
13 70
13 51
13 55
13 26
13 69
14 80
14 83
14 39
14 78
14 48
14 51
14 84
14 61
14 95
15 40
15 48
15 18
15 51
16 98
16 67
16 82
16 89
16 90
17 67
17 43
17 88
17 89
17 60
18 97
18 70
19 32
19 65
19 74
19 25
19 61
19 62
20 81
20 42
20 46
21 22
21 55
22 65
22 44
22 80
22 56
22 54
22 24
22 88
22 71
23 32
23 67
23 39
23 80
23 49
23 86
23 90
23 59
24 36
24 33
24 45
24 57
24 60
25 63
26 33
26 66
26 35
26 38
26 73
26 42
26 43
26 86
26 30
27 72
27 81
27 60
27 55
28 33
28 45
28 46
28 47
28 40
28 83
28 85
28 87
29 96
29 89
29 37
30 65
30 38
30 70
30 46
30 82
30 89
30 69
31 32
31 67
31 73
31 78
31 49
31 58
31 61
32 96
32 37
32 70
32 75
32 38
33 98
33 86
33 91
34 84
35 42
35 71
36 78
36 54
37 97
37 69
37 99
37 88
37 92
38 65
38 68
38 69
38 70
38 48
38 52
38 53
38 92
39 42
39 45
39 82
39 86
39 57
40 68
40 53
41 66
42 75
42 94
43 67
43 69
43 49
43 85
44 62
44 93
45 96
45 51
45 83
46 85
46 55
46 56
47 49
48 66
48 99
48 86
48 87
48 89
48 60
48 62
49 67
49 86
49 88
50 97
50 61
50 70
51 97
51 71
51 86
52 73
52 67
52 92
53 72
53 69
53 93
54 97
54 99
55 78
55 83
55 57
56 96
56 78
56 79
56 62
57 71
57 60
58 61
58 62
60 88
62 84
62 94
63 69
63 65
64 70
65 70
65 85
65 89
66 76
66 84
67 75
67 77
67 87
68 93
69 90
70 78
70 87
70 93
70 95
71 96
71 81
73 96
73 88
74 93
74 86
75 78
75 79
75 89
76 86
76 95
77 91
77 83
78 95
78 80
78 91
79 80
79 90
80 88
81 84
81 92
82 87
84 94
87 97
88 92
89 96
