 .. .. 2.7888888888888888 
 11 61 2.7682828282828282 
 14 83 2.7551515151515154 
 83 89 2.743030303030303 
 39 83 2.730909090909091 
 4 83 2.7187878787878788 
 28 83 2.707272727272727 
 78 83 2.695959595959596 
 21 83 2.6844444444444444 
 7 83 2.673939393939394 
 10 83 2.6632323232323234 
 15 83 2.652323232323232 
 54 83 2.6416161616161618 
 60 83 2.6303030303030304 
 83 95 2.6193939393939396 
 11 83 2.609292929292929 
 83 68 2.5997979797979798 
 3 83 2.5903030303030303 
 18 83 2.5806060606060606 
 41 83 2.570909090909091 
 83 88 2.561212121212121 
 49 83 2.551919191919192 
 33 83 2.543030303030303 
 32 83 2.534141414141414 
 83 96 2.525050505050505 
 13 83 2.5161616161616163 
 24 83 2.5072727272727273 
 43 83 2.498181818181818 
 75 83 2.4896969696969697 
 56 83 2.4812121212121214 
 12 83 2.4727272727272727 
 66 83 2.4642424242424243 
 72 83 2.4557575757575756 
 52 83 2.4472727272727273 
 76 83 2.4385858585858586 
 45 83 2.43030303030303 
 70 83 2.421818181818182 
 26 83 2.4133333333333336 
 77 83 2.4046464646464645 
 9 83 2.396161616161616 
 55 83 2.3874747474747475 
 83 98 2.378787878787879 
 53 83 2.3701010101010103 
 46 83 2.3614141414141416 
 25 83 2.3527272727272726 
 34 83 2.343838383838384 
 80 83 2.334747474747475 
 47 83 2.3256565656565655 
 83 85 2.3163636363636364 
 83 93 2.3070707070707073 
 81 83 2.2977777777777777 
