0 41
0 75
0 6
0 31
1 14
1 46
1 80
1 19
1 21
1 22
1 23
1 61
2 43
2 12
2 77
2 51
2 88
2 61
2 31
3 7
3 72
3 86
3 88
3 31
3 63
4 99
4 38
4 45
4 79
4 26
4 92
5 72
5 73
5 45
5 88
5 23
6 43
6 16
6 52
6 84
6 92
7 32
7 78
7 21
7 55
7 90
7 61
8 98
8 71
8 12
8 19
8 60
8 31
9 98
9 59
9 55
10 97
10 22
10 71
10 12
10 14
10 81
10 54
10 89
10 25
11 55
11 98
11 39
11 68
11 31
12 74
12 76
12 93
12 62
13 80
13 71
13 21
13 31
14 95
14 97
14 89
15 73
15 91
15 31
15 21
15 29
16 65
16 98
16 61
16 50
16 24
16 28
16 29
17 70
17 38
18 32
18 90
18 99
18 55
19 51
19 25
20 59
20 38
21 81
21 55
21 29
22 68
22 81
23 96
23 34
23 99
23 85
23 86
23 87
23 30
24 98
24 40
24 77
24 84
24 87
25 35
25 36
25 69
25 39
25 79
25 48
25 50
25 85
25 93
26 65
26 35
26 37
26 48
26 49
26 82
26 57
26 28
27 72
27 66
27 94
27 38
27 79
28 92
28 66
29 99
29 41
29 74
29 78
29 51
29 88
29 92
30 89
30 87
30 37
31 32
31 36
31 42
31 86
32 82
32 57
32 59
32 92
33 48
33 65
33 62
33 79
34 80
35 44
35 86
35 87
36 66
36 68
36 40
36 90
37 73
37 38
37 63
38 59
38 46
38 48
38 51
38 99
38 57
38 90
38 95
39 90
39 51
39 47
40 72
40 75
40 50
40 85
40 93
42 85
43 64
43 88
44 80
44 51
45 67
45 82
45 86
45 90
46 48
46 99
46 95
47 73
47 66
47 69
48 69
48 78
48 50
48 83
48 53
48 87
49 72
49 67
50 72
50 54
50 87
52 99
52 67
52 78
53 61
53 70
54 83
54 59
54 68
55 64
55 99
55 83
56 73
56 86
57 78
57 88
57 91
58 88
58 92
59 82
59 73
59 91
60 67
60 84
60 93
61 64
61 91
61 62
61 85
63 80
63 96
64 69
64 82
64 94
65 71
65 76
65 89
66 80
66 93
66 94
67 72
68 80
68 85
71 74
71 94
72 81
72 91
73 98
73 81
73 82
73 85
74 97
75 83
75 89
75 79
77 90
77 93
80 82
82 90
84 92
84 98
87 96
89 93
95 99
97 98
