 .. .. 2.8105050505050504 
 70 31 2.791919191919192 
 12 23 2.7775757575757574 
 92 10 2.764242424242424 
 31 48 2.752929292929293 
 58 48 2.7418181818181817 
 84 38 2.7307070707070706 
 38 76 2.72 
 89 31 2.7094949494949496 
 6 80 2.69979797979798 
 38 41 2.6905050505050503 
 22 38 2.6814141414141415 
 56 38 2.6721212121212123 
 63 38 2.6626262626262625 
 60 38 2.653131313131313 
 74 38 2.6432323232323234 
 34 38 2.6343434343434344 
 38 49 2.625656565656566 
 38 43 2.616767676767677 
 38 44 2.607878787878788 
 62 38 2.5985858585858588 
 38 39 2.589292929292929 
 75 38 2.5795959595959594 
 38 42 2.5703030303030303 
 9 38 2.5614141414141414 
 21 38 2.552929292929293 
 96 38 2.544040404040404 
 97 38 2.5353535353535355 
 28 38 2.526666666666667 
 94 38 2.5179797979797978 
 67 38 2.509292929292929 
 70 38 2.501212121212121 
 38 45 2.4931313131313133 
 33 38 2.485252525252525 
 53 38 2.4773737373737372 
 71 38 2.4694949494949494 
 30 38 2.4616161616161616 
 68 38 2.4535353535353535 
 77 38 2.4452525252525255 
 0 38 2.436969696969697 
 79 38 2.4286868686868686 
 38 47 2.4204040404040406 
 54 38 2.411919191919192 
 18 38 2.4034343434343435 
 14 38 2.395151515151515 
 52 38 2.3866666666666667 
 58 38 2.377979797979798 
 13 38 2.3692929292929295 
 69 38 2.3604040404040405 
 24 38 2.3515151515151516 
 88 38 2.3424242424242423 
