 .. .. 2.7733333333333334 
 47 0 2.7541414141414142 
 76 31 2.735353535353535 
 31 85 2.716969696969697 
 53 31 2.7044444444444444 
 59 31 2.6907070707070706 
 31 93 2.6783838383838385 
 69 31 2.6664646464646466 
 8 31 2.6551515151515153 
 31 89 2.643838383838384 
 73 31 2.633131313131313 
 31 35 2.622020202020202 
 3 31 2.6113131313131315 
 31 39 2.602020202020202 
 26 31 2.5927272727272728 
 31 16 2.5834343434343436 
 7 31 2.5743434343434344 
 31 5 2.565252525252525 
 74 31 2.5561616161616163 
 97 31 2.5468686868686867 
 15 31 2.5375757575757576 
 10 31 2.5284848484848483 
 65 31 2.5193939393939395 
 31 47 2.5103030303030303 
 66 31 2.501010101010101 
 21 31 2.4917171717171716 
 72 31 2.4826262626262627 
 70 31 2.473737373737374 
 31 91 2.4652525252525255 
 31 43 2.4565656565656564 
 19 31 2.448080808080808 
 50 31 2.4395959595959598 
 25 31 2.431111111111111 
 67 31 2.4226262626262627 
 13 31 2.414141414141414 
 31 44 2.4056565656565656 
 62 31 2.397373737373737 
 99 31 2.389090909090909 
 31 40 2.3808080808080807 
 84 31 2.3723232323232324 
 98 31 2.3636363636363638 
 31 37 2.354949494949495 
 31 46 2.346060606060606 
 11 31 2.3373737373737375 
 17 31 2.3284848484848486 
 52 31 2.3193939393939393 
 78 31 2.3103030303030305 
 24 31 2.3012121212121213 
 56 31 2.291919191919192 
 88 31 2.2824242424242422 
 18 31 2.272929292929293 
