0 99
0 83
0 43
0 36
0 47
1 96
1 73
1 78
1 14
1 88
1 57
1 58
1 90
2 65
2 8
2 74
2 46
2 83
2 90
2 91
3 40
3 59
3 22
4 32
4 97
4 12
4 16
4 17
4 85
4 86
4 59
4 30
5 64
5 34
5 70
5 78
5 17
5 19
5 54
5 89
6 83
6 35
7 16
7 53
8 69
8 79
8 50
8 84
8 54
8 24
8 25
9 16
9 49
9 38
9 79
10 84
10 62
11 75
11 39
12 66
12 86
13 86
13 78
14 68
14 40
14 77
14 93
14 52
14 86
14 29
15 63
16 97
16 37
16 49
16 84
16 22
16 57
16 93
16 94
16 63
17 70
17 40
17 87
17 60
17 30
17 69
18 57
18 70
18 31
19 44
19 80
19 54
19 55
19 58
19 61
20 37
20 74
20 81
20 84
20 86
20 91
20 92
20 62
20 95
21 33
21 46
21 57
22 35
22 84
22 92
22 29
22 63
23 37
23 80
23 83
23 58
23 91
23 61
24 48
24 51
24 79
25 74
25 52
25 61
25 63
26 96
26 29
26 54
26 53
27 65
27 63
27 53
27 81
27 61
28 34
28 58
28 70
29 41
29 74
29 50
29 61
30 84
30 47
30 52
30 57
30 62
30 63
31 51
31 92
31 61
31 95
32 97
32 98
33 59
33 85
33 69
34 38
34 73
34 60
34 37
35 43
35 69
35 75
35 79
35 84
35 53
35 85
36 73
36 76
36 45
36 79
36 86
36 56
36 57
36 90
37 83
37 63
38 96
38 82
38 78
39 69
40 70
40 79
41 92
41 57
41 52
42 80
42 83
43 72
43 94
44 91
44 83
45 73
45 81
45 71
46 64
46 96
46 69
46 79
46 62
47 51
47 76
47 78
48 83
49 54
50 64
50 96
50 85
50 94
51 65
51 71
51 75
51 76
52 62
53 99
53 87
54 66
54 73
54 74
54 72
54 63
55 81
55 98
55 78
55 70
56 92
56 95
57 64
57 80
57 91
58 92
58 76
59 82
59 61
59 94
60 76
61 97
61 73
61 77
61 93
62 82
62 87
63 83
64 67
64 78
64 80
65 67
65 73
65 91
65 85
66 81
66 97
67 79
67 82
67 83
67 87
68 90
69 84
71 88
71 83
71 84
72 82
73 99
74 83
75 79
76 92
77 82
77 91
78 98
78 99
78 95
80 87
81 95
82 97
82 90
84 95
85 87
86 96
86 99
87 92
90 98
91 97
92 98
93 94
94 95
