0 64
0 98
0 11
0 45
0 48
0 81
0 20
0 22
0 88
0 58
0 28
0 61
0 30
0 63
1 96
1 97
1 4
1 40
1 12
1 82
1 20
1 29
2 64
2 8
2 9
2 15
2 23
2 31
3 91
3 20
3 61
3 87
4 37
4 41
4 45
4 51
4 73
4 63
5 59
5 19
5 85
6 54
6 70
6 41
6 20
6 86
6 23
7 67
7 75
7 77
7 78
7 49
7 35
8 65
9 96
9 46
9 79
9 48
9 51
9 20
9 22
9 23
9 56
9 28
10 49
10 26
10 34
11 16
11 99
11 20
11 57
12 32
12 97
12 75
12 17
12 82
12 87
12 60
13 51
13 19
13 21
13 73
13 55
14 65
14 99
14 54
14 31
15 46
15 22
16 34
16 36
16 87
17 33
17 82
17 50
17 27
17 60
17 61
18 81
18 75
18 51
18 78
18 95
19 66
19 37
19 76
19 55
19 57
20 72
20 44
21 76
21 36
21 62
22 32
22 66
22 99
22 36
22 45
22 41
22 79
23 96
23 68
23 77
23 49
23 86
23 55
23 90
24 96
24 36
24 72
24 44
24 84
24 94
25 48
25 73
25 82
25 90
25 69
26 84
26 93
27 31
28 61
28 73
28 90
28 29
28 62
28 95
29 91
29 42
29 88
29 59
29 62
30 65
30 70
30 38
30 75
30 84
30 54
30 56
30 61
30 31
31 34
31 68
31 38
31 71
31 41
31 77
31 48
31 49
31 94
31 95
32 33
32 67
32 40
32 93
33 36
33 46
33 82
33 85
33 87
33 91
34 38
34 46
34 81
34 55
35 64
35 41
35 47
36 68
36 45
37 88
37 96
37 85
38 60
38 94
39 89
39 85
39 97
40 69
40 75
40 83
40 91
41 74
42 74
42 93
42 85
42 87
42 60
43 59
43 45
43 87
44 58
44 98
44 95
45 89
45 49
45 55
46 86
48 58
48 90
49 78
49 95
49 94
50 58
50 85
50 93
51 71
51 75
51 78
52 73
52 83
52 84
52 56
52 58
52 63
53 90
54 69
54 79
54 78
54 60
54 63
55 66
56 80
56 73
57 73
57 91
57 79
58 82
58 83
59 66
59 72
59 80
59 83
60 96
60 99
61 98
61 86
62 81
62 95
63 64
63 66
63 98
64 81
64 99
64 87
65 80
67 75
67 86
67 78
68 74
68 86
70 93
71 75
71 98
73 96
73 92
73 95
75 92
75 95
77 78
78 90
79 96
79 97
79 84
79 90
79 92
80 85
80 87
81 85
82 86
82 95
83 96
86 96
86 92
86 95
87 92
88 91
88 92
90 92
91 95
93 97
95 98
