 .. .. 2.713131313131313 
 70 41 2.6993939393939392 
 72 23 2.687070707070707 
 70 9 2.676161616161616 
 70 98 2.665252525252525 
 70 34 2.6545454545454548 
 70 27 2.644242424242424 
 70 10 2.6345454545454547 
 78 40 2.625050505050505 
 58 70 2.6155555555555554 
 70 36 2.606060606060606 
 70 11 2.597777777777778 
 70 29 2.5894949494949495 
 77 70 2.581010101010101 
 76 70 2.5727272727272728 
 94 70 2.5642424242424244 
 70 25 2.555959595959596 
 17 70 2.5476767676767675 
 70 90 2.5393939393939395 
 57 70 2.5309090909090908 
 47 70 2.523030303030303 
 70 91 2.514949494949495 
 61 70 2.5068686868686867 
 63 70 2.498989898989899 
 70 74 2.4913131313131314 
 12 70 2.4836363636363634 
 54 70 2.475959595959596 
 82 70 2.4682828282828284 
 70 72 2.4606060606060605 
 70 20 2.452929292929293 
 44 70 2.4452525252525255 
 15 70 2.4375757575757575 
 79 70 2.4296969696969697 
 84 70 2.421818181818182 
 2 70 2.414141414141414 
 7 70 2.406262626262626 
 21 70 2.3983838383838383 
 52 70 2.3905050505050505 
 40 70 2.3826262626262626 
 68 70 2.374747474747475 
 4 70 2.366868686868687 
 35 70 2.358787878787879 
 60 70 2.3505050505050504 
 16 70 2.3422222222222224 
 85 70 2.3337373737373737 
 81 70 2.3254545454545457 
 6 70 2.317171717171717 
 97 70 2.308686868686869 
 66 70 2.30020202020202 
 5 70 2.291717171717172 
 8 70 2.283030303030303 
