 .. .. 2.7822222222222224 
 47 5 2.762020202020202 
 17 24 2.7474747474747474 
 97 11 2.735353535353535 
 82 11 2.7226262626262625 
 71 11 2.711919191919192 
 49 11 2.70020202020202 
 93 11 2.690909090909091 
 5 11 2.681212121212121 
 11 53 2.671919191919192 
 78 11 2.6624242424242426 
 69 11 2.652727272727273 
 80 11 2.643030303030303 
 35 11 2.632929292929293 
 40 11 2.6234343434343432 
 84 11 2.6135353535353536 
 57 11 2.6036363636363635 
 41 11 2.593737373737374 
 87 11 2.584040404040404 
 30 11 2.5745454545454547 
 11 16 2.565252525252525 
 52 11 2.5555555555555554 
 91 11 2.546060606060606 
 11 17 2.536969696969697 
 64 11 2.527878787878788 
 42 11 2.518989898989899 
 99 11 2.50989898989899 
 11 13 2.501010101010101 
 72 11 2.491919191919192 
 11 22 2.483030303030303 
 11 23 2.473939393939394 
 28 11 2.465050505050505 
 51 11 2.456161616161616 
 11 18 2.447676767676768 
 36 11 2.438989898989899 
 79 11 2.4301010101010103 
 29 11 2.4214141414141412 
 90 11 2.4127272727272726 
 0 11 2.404040404040404 
 60 11 2.395151515151515 
 45 11 2.3866666666666667 
 39 11 2.3781818181818184 
 11 21 2.3696969696969696 
 11 12 2.3612121212121213 
 74 11 2.3525252525252527 
 85 11 2.343838383838384 
 98 11 2.335151515151515 
 31 11 2.3264646464646463 
 92 11 2.3175757575757574 
 32 11 2.308686868686869 
 27 11 2.29979797979798 
