 .. .. 2.8054545454545456 
 5 13 2.7804040404040404 
 12 86 2.767272727272727 
 3 9 2.7551515151515154 
 86 6 2.743838383838384 
 43 13 2.733131313131313 
 13 79 2.7226262626262625 
 56 13 2.712121212121212 
 13 23 2.7024242424242426 
 82 13 2.692121212121212 
 29 86 2.6826262626262625 
 61 86 2.6725252525252525 
 39 86 2.6626262626262625 
 67 86 2.653131313131313 
 28 86 2.6434343434343432 
 8 86 2.633939393939394 
 10 86 2.625050505050505 
 66 86 2.615959595959596 
 22 86 2.6064646464646466 
 37 86 2.597979797979798 
 86 92 2.589292929292929 
 86 98 2.5806060606060606 
 65 86 2.571919191919192 
 17 86 2.564040404040404 
 71 86 2.5561616161616163 
 5 86 2.5482828282828285 
 86 88 2.5402020202020203 
 14 86 2.5323232323232325 
 58 86 2.5244444444444443 
 11 86 2.5165656565656565 
 83 86 2.508888888888889 
 3 86 2.5014141414141413 
 48 86 2.493737373737374 
 30 86 2.486060606060606 
 86 97 2.478181818181818 
 45 86 2.4705050505050505 
 86 89 2.4626262626262627 
 79 86 2.454747474747475 
 7 86 2.446868686868687 
 25 86 2.438787878787879 
 52 86 2.430707070707071 
 80 86 2.4224242424242424 
 56 86 2.414141414141414 
 53 86 2.4060606060606062 
 46 86 2.397979797979798 
 63 86 2.3896969696969697 
 68 86 2.3812121212121213 
 77 86 2.3725252525252527 
 78 86 2.3638383838383836 
 38 86 2.355151515151515 
 47 86 2.3464646464646464 
