 .. .. 2.7573737373737375 
 67 35 2.742828282828283 
 35 49 2.728686868686869 
 89 72 2.715353535353535 
 60 35 2.7022222222222223 
 32 35 2.6903030303030304 
 91 35 2.67979797979798 
 80 35 2.669090909090909 
 29 35 2.6587878787878787 
 35 39 2.6484848484848484 
 35 46 2.637979797979798 
 35 43 2.6272727272727274 
 5 35 2.617171717171717 
 86 35 2.6066666666666665 
 4 35 2.5973737373737373 
 87 35 2.588080808080808 
 6 35 2.5793939393939396 
 30 35 2.5705050505050506 
 31 35 2.5616161616161617 
 35 42 2.5527272727272727 
 22 35 2.543838383838384 
 58 35 2.5353535353535355 
 11 35 2.527070707070707 
 16 35 2.518989898989899 
 92 35 2.510707070707071 
 3 35 2.5026262626262628 
 17 35 2.494747474747475 
 53 35 2.4868686868686867 
 95 35 2.4785858585858587 
 54 35 2.4703030303030302 
 65 35 2.462222222222222 
 14 35 2.454141414141414 
 89 35 2.4460606060606063 
 18 35 2.437979797979798 
 75 35 2.4296969696969697 
 35 48 2.4216161616161616 
 55 35 2.4133333333333336 
 74 35 2.404848484848485 
 1 35 2.3963636363636365 
 98 35 2.387676767676768 
 35 41 2.378989898989899 
 0 35 2.37030303030303 
 15 35 2.3614141414141416 
 78 35 2.3523232323232324 
 61 35 2.343232323232323 
 90 35 2.333939393939394 
 63 35 2.324646464646465 
 35 37 2.3153535353535353 
 73 35 2.305858585858586 
 2 35 2.2965656565656567 
 10 35 2.287272727272727 
