0 72
0 68
0 86
0 95
1 33
1 79
1 51
1 59
1 55
2 34
2 69
2 8
2 76
2 77
2 14
2 52
3 98
3 72
3 78
3 52
3 89
3 92
4 34
4 27
4 10
4 53
4 59
4 31
5 62
5 22
6 50
6 10
6 35
6 74
6 42
7 9
7 76
7 82
7 44
7 18
7 90
8 67
8 71
8 77
8 81
8 27
9 44
9 85
9 27
9 60
9 94
10 66
10 71
10 74
10 45
10 16
10 86
11 65
11 72
11 73
11 50
11 54
11 92
11 30
12 69
12 71
12 75
12 79
12 48
12 82
12 83
12 27
12 62
13 98
13 93
13 43
13 45
13 78
13 15
13 81
13 29
14 64
14 68
14 69
14 34
14 16
14 20
14 22
14 87
15 18
15 67
16 35
16 86
16 23
16 57
16 62
16 63
17 98
17 70
17 37
17 22
17 23
18 71
18 95
18 42
19 88
19 99
19 93
19 30
20 72
20 66
20 35
20 55
21 49
21 45
21 93
22 35
22 68
22 50
22 57
22 27
23 65
23 36
23 69
23 68
23 91
23 61
24 33
24 34
24 67
24 65
24 43
24 47
24 26
24 27
25 64
25 99
25 68
25 42
25 81
25 51
25 29
26 97
26 91
26 72
26 42
26 59
27 86
27 77
27 63
28 78
28 62
29 90
29 47
30 88
30 90
30 36
31 90
31 61
31 77
31 69
32 33
32 91
32 65
32 63
33 98
33 37
33 96
33 76
33 54
33 58
34 39
34 73
34 48
34 54
34 57
35 64
35 65
35 37
35 77
35 49
35 89
35 91
35 62
36 64
36 98
36 69
36 38
36 41
36 45
36 47
36 84
36 62
36 59
36 93
37 97
37 72
37 44
37 50
37 83
38 56
38 88
38 43
38 63
39 77
39 84
39 53
39 94
39 95
40 64
40 93
40 70
41 88
41 83
41 87
42 65
42 68
42 91
43 68
43 90
43 94
44 86
44 58
44 59
45 64
45 77
45 50
45 54
45 59
46 66
46 82
46 95
47 74
48 64
48 96
48 69
48 70
48 72
48 76
48 80
48 88
49 66
49 52
50 64
50 66
50 73
50 54
50 90
52 84
52 69
53 91
53 71
53 62
54 77
54 80
54 60
56 94
56 60
56 70
57 70
58 92
58 75
58 65
59 72
59 74
60 96
60 81
60 82
60 63
61 64
61 72
62 77
62 67
63 64
63 66
63 91
63 97
63 84
64 68
64 98
65 67
65 91
66 97
66 83
66 91
67 82
67 84
68 89
68 91
69 96
69 72
69 93
71 79
71 90
71 92
71 85
72 73
73 96
73 76
73 83
74 77
75 76
75 93
77 93
79 83
79 93
79 94
80 90
80 98
80 85
81 86
82 83
84 88
88 98
91 93
91 94
94 99
