 .. .. 2.613939393939394 
 25 40 2.605252525252525 
 18 36 2.597171717171717 
 25 37 2.589292929292929 
 12 36 2.5816161616161617 
 87 36 2.5735353535353536 
 58 36 2.5654545454545454 
 82 36 2.557777777777778 
 11 36 2.55010101010101 
 68 46 2.5432323232323233 
 10 97 2.536363636363636 
 29 36 2.52989898989899 
 64 36 2.5234343434343436 
 63 36 2.5171717171717174 
 91 36 2.5109090909090908 
 96 35 2.5046464646464646 
 17 36 2.498787878787879 
 72 36 2.492929292929293 
 36 41 2.4872727272727273 
 79 36 2.4814141414141413 
 30 36 2.475151515151515 
 54 36 2.469292929292929 
 73 36 2.463232323232323 
 55 36 2.4571717171717173 
 89 36 2.4509090909090907 
 66 36 2.4446464646464645 
 97 36 2.4385858585858586 
 14 36 2.4327272727272726 
 21 36 2.426868686868687 
 36 48 2.4208080808080807 
 6 36 2.4149494949494947 
 7 36 2.408888888888889 
 22 36 2.4026262626262627 
 36 42 2.3963636363636365 
 24 36 2.3901010101010103 
 85 36 2.3836363636363638 
 93 36 2.376969696969697 
 36 37 2.37030303030303 
 5 36 2.3636363636363638 
 86 36 2.3567676767676766 
 27 36 2.34989898989899 
 59 36 2.342828282828283 
 92 36 2.3355555555555556 
 34 36 2.3282828282828283 
 0 36 2.3212121212121213 
 65 36 2.313939393939394 
 20 36 2.3066666666666666 
 60 36 2.2993939393939393 
 26 36 2.292121212121212 
 36 43 2.284646464646465 
 50 36 2.277171717171717 
