0 36
0 39
0 41
0 43
0 12
0 51
0 53
1 7
1 21
1 23
1 56
1 89
1 29
2 32
2 97
2 69
2 38
2 9
2 43
2 12
2 48
2 58
2 27
2 93
3 97
3 10
3 43
3 77
3 48
3 53
3 27
4 42
4 99
4 74
4 50
5 67
5 41
5 11
5 18
5 23
5 56
5 89
5 92
6 66
6 38
6 71
6 75
6 45
6 53
6 27
7 62
8 16
8 59
8 11
9 64
9 69
9 79
9 48
9 87
9 93
10 72
10 35
10 82
10 88
11 75
11 41
11 43
11 77
11 14
11 55
11 89
11 92
11 94
12 65
12 69
12 97
12 83
12 44
12 34
12 77
12 51
12 21
12 90
12 60
12 85
13 97
13 66
13 76
13 15
13 86
13 95
14 96
14 67
14 80
14 17
14 23
14 58
14 95
15 98
15 67
15 29
16 33
16 66
16 90
16 40
17 37
17 71
17 41
17 47
17 50
17 91
17 61
17 94
18 36
19 88
19 43
19 95
19 35
19 81
20 89
20 90
20 84
20 85
20 78
21 40
21 41
21 53
21 89
21 94
22 98
22 40
22 45
22 78
22 53
22 54
22 24
22 89
22 60
22 62
23 66
23 37
23 33
23 73
23 53
23 57
23 95
24 64
24 66
24 68
24 58
24 59
24 93
24 94
25 74
25 30
26 43
26 36
26 37
26 45
27 37
27 38
27 40
27 75
27 45
27 77
27 88
27 89
28 98
28 67
28 93
28 54
29 32
29 34
29 47
29 57
29 90
29 31
30 65
30 98
30 35
30 89
30 95
31 64
31 67
31 41
31 76
31 77
31 86
31 63
32 39
32 43
32 78
32 48
32 86
32 55
32 89
33 64
33 35
33 38
33 44
33 49
33 99
33 54
34 99
34 38
34 61
34 54
34 89
34 94
35 39
35 94
35 54
35 56
36 66
36 39
36 40
36 45
36 53
36 88
37 96
37 97
37 39
37 87
37 82
37 84
38 67
38 68
38 97
38 82
38 90
39 98
39 70
39 71
39 45
39 84
39 91
39 63
40 64
40 44
40 45
40 82
40 51
41 74
41 87
42 92
42 87
42 45
42 71
43 68
43 51
43 47
43 80
43 79
44 67
44 97
44 77
44 87
44 91
45 98
45 71
45 46
46 62
46 61
47 91
47 71
48 70
48 72
48 77
48 54
48 61
48 94
49 51
49 81
50 96
50 67
50 83
50 84
50 85
50 89
50 91
51 65
51 98
51 83
51 60
52 74
52 69
52 79
53 57
53 60
53 93
54 98
55 78
56 83
56 89
56 69
57 86
58 65
59 66
59 73
59 79
59 89
59 60
60 96
62 74
62 75
62 80
63 65
64 81
65 97
65 99
65 94
66 98
66 89
68 84
69 93
70 71
70 85
71 83
71 94
73 94
74 80
74 81
74 91
77 98
78 94
79 83
80 85
80 91
81 94
83 84
85 87
86 87
86 90
86 94
88 99
88 94
90 99
90 93
91 96
91 93
