0 40
0 41
0 44
0 46
0 76
0 72
0 18
1 96
1 83
1 12
1 38
2 96
2 67
2 10
2 21
2 54
2 24
2 91
2 95
3 67
3 7
4 96
4 97
4 67
4 38
4 23
4 12
4 45
4 14
4 77
4 99
4 55
4 90
4 91
4 94
5 8
5 24
5 96
5 64
5 48
6 76
6 71
7 11
7 49
7 98
7 87
8 66
8 99
8 9
8 49
8 51
8 23
8 90
9 65
9 35
9 93
9 59
9 28
9 61
10 43
10 77
10 82
10 21
10 86
10 87
11 76
11 25
11 19
11 60
12 66
12 73
12 44
12 84
12 89
12 93
13 16
13 99
13 29
13 30
13 69
14 88
14 25
14 27
14 21
15 44
15 50
15 78
15 16
15 18
15 86
16 64
16 34
16 37
16 43
16 54
17 33
17 67
17 19
17 81
17 65
18 49
19 34
19 59
19 24
19 57
19 27
20 33
20 98
20 86
21 32
21 65
21 35
21 54
21 26
21 27
21 63
22 98
22 90
22 27
22 44
22 77
23 96
23 68
23 85
23 87
23 26
23 91
24 36
24 77
24 52
24 84
24 60
25 33
25 98
25 72
25 45
25 93
26 97
26 66
26 37
26 72
26 91
26 95
27 66
27 91
27 54
27 38
27 73
27 87
27 89
27 59
27 29
28 53
28 30
29 68
29 51
29 84
29 56
30 99
30 43
30 57
30 93
30 95
31 96
31 53
31 70
32 97
32 37
32 77
32 55
32 90
32 92
33 36
33 40
33 79
34 66
34 67
34 99
34 50
34 56
35 75
35 36
35 81
35 72
35 43
35 49
35 50
35 99
35 87
36 64
36 69
36 70
36 97
36 73
36 87
37 97
37 39
37 50
38 91
38 71
38 79
38 52
38 58
38 60
39 51
39 68
39 95
40 91
40 60
40 85
41 42
41 59
41 77
42 66
42 74
42 78
42 93
42 52
42 61
43 77
43 81
43 87
44 96
44 98
44 67
44 99
44 93
45 97
45 51
45 56
45 92
46 69
46 70
46 73
46 51
46 57
46 62
47 99
47 69
48 65
48 90
48 63
49 64
49 78
50 70
50 57
50 91
51 77
51 82
51 54
51 55
51 56
51 90
51 95
52 90
52 58
53 91
53 71
53 82
53 83
53 55
53 63
54 71
54 74
54 76
54 78
54 57
55 96
55 66
55 78
55 93
56 68
56 76
56 79
56 85
56 58
57 92
57 61
58 97
59 70
60 96
60 97
60 83
61 62
62 88
62 65
62 92
63 99
63 83
63 85
64 77
64 85
65 98
65 85
65 90
66 76
66 90
68 78
68 81
68 83
69 96
69 74
69 88
69 93
70 72
70 83
70 85
70 88
71 98
71 88
72 97
72 78
72 99
72 85
72 93
74 84
74 93
75 89
75 94
77 90
77 95
78 96
78 97
79 84
80 82
80 84
82 91
83 98
83 97
83 89
85 94
86 94
89 99
91 93
91 94
95 97
96 97
