 .. .. 2.528888888888889 
 42 99 2.5195959595959594 
 62 88 2.5105050505050506 
 14 21 2.5024242424242424 
 75 89 2.4957575757575756 
 89 54 2.489292929292929 
 20 62 2.4832323232323232 
 49 59 2.4773737373737372 
 87 56 2.4715151515151517 
 41 87 2.4656565656565657 
 94 60 2.4604040404040406 
 89 90 2.455151515151515 
 87 57 2.45030303030303 
 13 98 2.4456565656565656 
 30 87 2.441010101010101 
 87 71 2.4363636363636365 
 31 87 2.4315151515151516 
 2 87 2.4264646464646464 
 44 87 2.4212121212121214 
 87 96 2.4165656565656564 
 87 65 2.411919191919192 
 4 87 2.407070707070707 
 6 87 2.4026262626262627 
 42 87 2.397979797979798 
 87 69 2.3935353535353534 
 38 87 2.388888888888889 
 3 87 2.3842424242424243 
 43 87 2.3793939393939394 
 75 87 2.374343434343434 
 76 87 2.369090909090909 
 87 88 2.3638383838383836 
 0 87 2.3585858585858586 
 21 87 2.353131313131313 
 49 87 2.3474747474747475 
 36 87 2.341818181818182 
 20 87 2.336161616161616 
 45 87 2.33030303030303 
 19 87 2.324646464646465 
 23 87 2.318989898989899 
 24 87 2.313131313131313 
 50 87 2.3070707070707073 
 26 87 2.301010101010101 
 7 87 2.294949494949495 
 15 87 2.288686868686869 
 67 87 2.2822222222222224 
 58 87 2.275757575757576 
 29 87 2.2692929292929294 
 82 87 2.2626262626262625 
 16 87 2.255959595959596 
 87 95 2.249090909090909 
 85 87 2.2422222222222223 
