 .. .. 2.528888888888889 
 28 96 2.5175757575757576 
 37 68 2.508888888888889 
 75 96 2.501010101010101 
 1 68 2.493737373737374 
 67 85 2.4868686868686867 
 58 0 2.4802020202020203 
 60 70 2.473737373737374 
 81 96 2.4676767676767675 
 68 4 2.461818181818182 
 6 23 2.456969696969697 
 0 78 2.4523232323232325 
 78 98 2.447676767676768 
 41 6 2.443232323232323 
 6 15 2.438787878787879 
 63 6 2.434141414141414 
 28 6 2.4292929292929295 
 2 6 2.4244444444444446 
 42 6 2.4197979797979796 
 36 6 2.4155555555555557 
 32 6 2.4113131313131313 
 30 6 2.407070707070707 
 93 6 2.4026262626262627 
 6 18 2.3983838383838383 
 6 22 2.393939393939394 
 43 6 2.3892929292929295 
 66 6 2.3846464646464645 
 27 6 2.38 
 67 6 2.374949494949495 
 6 16 2.3701010101010103 
 57 6 2.365050505050505 
 61 6 2.35979797979798 
 6 91 2.3545454545454545 
 31 6 2.349090909090909 
 6 8 2.3436363636363637 
 46 6 2.337979797979798 
 4 6 2.3323232323232324 
 44 6 2.3264646464646463 
 51 6 2.3204040404040405 
 47 6 2.314343434343434 
 56 6 2.308080808080808 
 6 7 2.302020202020202 
 25 6 2.295757575757576 
 39 6 2.2892929292929294 
 72 6 2.2826262626262626 
 97 6 2.2759595959595957 
 35 6 2.2694949494949497 
 64 6 2.262828282828283 
 94 6 2.255959595959596 
 99 6 2.2492929292929293 
 6 24 2.2426262626262625 
