 .. .. 2.600808080808081 
 97 66 2.590909090909091 
 92 97 2.5816161616161617 
 97 26 2.572323232323232 
 75 23 2.5636363636363635 
 75 7 2.555151515151515 
 13 29 2.547878787878788 
 60 75 2.5414141414141413 
 57 29 2.5353535353535355 
 87 29 2.5290909090909093 
 99 29 2.5226262626262628 
 20 29 2.5165656565656565 
 68 29 2.510707070707071 
 88 29 2.5046464646464646 
 18 42 2.498989898989899 
 97 43 2.4935353535353535 
 9 29 2.4882828282828284 
 7 29 2.483030303030303 
 29 40 2.4775757575757575 
 83 29 2.471919191919192 
 92 29 2.466666666666667 
 18 29 2.4612121212121214 
 12 29 2.456161616161616 
 77 29 2.4509090909090907 
 28 29 2.4456565656565656 
 52 29 2.4404040404040406 
 58 29 2.435151515151515 
 94 29 2.4296969696969697 
 73 29 2.4242424242424243 
 17 29 2.418787878787879 
 29 49 2.4131313131313132 
 29 38 2.407676767676768 
 69 29 2.402020202020202 
 85 29 2.3963636363636365 
 29 16 2.390707070707071 
 51 29 2.3848484848484848 
 78 29 2.378787878787879 
 79 29 2.3725252525252527 
 15 29 2.3664646464646464 
 81 29 2.36020202020202 
 59 29 2.353939393939394 
 14 29 2.347676767676768 
 67 29 2.3412121212121213 
 84 29 2.3345454545454545 
 29 39 2.3278787878787877 
 74 29 2.321010101010101 
 66 29 2.3141414141414143 
 10 29 2.307272727272727 
 62 29 2.30020202020202 
 86 29 2.292929292929293 
 90 29 2.2856565656565655 
