 .. .. 2.611111111111111 
 3 51 2.600808080808081 
 20 51 2.5907070707070705 
 6 35 2.5806060606060606 
 35 80 2.5703030303030303 
 4 18 2.5604040404040402 
 4 61 2.5517171717171716 
 35 62 2.5434343434343436 
 35 52 2.5365656565656565 
 51 70 2.52989898989899 
 51 86 2.5232323232323233 
 28 51 2.5165656565656565 
 47 51 2.5096969696969698 
 7 51 2.5028282828282826 
 51 75 2.4961616161616162 
 1 51 2.4896969696969697 
 17 51 2.483030303030303 
 48 51 2.4767676767676767 
 6 51 2.470707070707071 
 79 51 2.4644444444444447 
 42 51 2.458181818181818 
 0 51 2.452121212121212 
 31 51 2.446262626262626 
 80 51 2.4402020202020203 
 5 51 2.4345454545454546 
 11 51 2.4286868686868686 
 41 51 2.422828282828283 
 88 51 2.4167676767676767 
 89 51 2.410707070707071 
 81 51 2.4046464646464645 
 92 51 2.3983838383838383 
 15 51 2.392121212121212 
 51 58 2.3856565656565656 
 51 73 2.379191919191919 
 16 51 2.3727272727272726 
 40 51 2.366060606060606 
 51 74 2.3593939393939394 
 33 51 2.3527272727272726 
 37 51 2.346060606060606 
 14 51 2.3393939393939394 
 84 51 2.3325252525252527 
 18 51 2.3256565656565655 
 51 53 2.3185858585858585 
 13 51 2.3115151515151515 
 9 51 2.3044444444444445 
 10 51 2.297171717171717 
 22 51 2.28989898989899 
 51 61 2.2824242424242422 
 51 62 2.274949494949495 
 94 51 2.2674747474747474 
 25 51 2.26 
