0 97
0 2
0 82
0 90
0 22
0 55
0 26
0 61
1 24
1 51
1 68
1 86
2 45
2 20
2 57
2 87
2 25
2 95
3 65
3 75
3 88
3 55
3 56
3 95
4 56
4 83
5 66
5 39
5 23
5 50
5 51
5 55
5 92
5 61
6 64
6 66
6 39
6 60
6 12
6 17
6 83
6 27
6 28
6 61
6 30
7 98
7 73
7 49
7 86
7 57
7 27
8 41
8 66
8 43
8 84
8 29
9 36
10 49
10 84
10 26
10 92
10 58
10 95
11 36
11 35
11 20
11 38
11 65
12 38
12 44
12 82
12 83
12 93
13 97
13 99
13 69
13 70
13 39
13 46
13 80
13 82
14 64
14 22
14 44
14 47
14 82
14 54
14 59
15 99
15 50
15 51
15 53
15 54
15 56
15 89
15 60
16 39
16 92
16 84
16 88
16 26
16 28
17 68
17 69
17 42
17 87
17 77
17 47
17 55
17 59
18 40
18 33
18 63
19 33
19 91
19 85
19 78
20 39
20 42
20 43
20 88
20 56
20 89
21 73
21 45
21 52
21 85
21 86
21 59
22 78
22 77
23 33
23 66
24 37
24 97
24 76
24 82
24 91
25 83
25 82
25 45
25 69
26 97
26 75
26 43
26 45
26 91
26 63
27 98
27 72
27 46
27 58
27 28
28 80
28 41
28 77
28 73
28 92
29 34
29 35
29 66
29 45
29 72
29 51
29 52
29 53
29 56
29 57
30 80
30 41
30 46
30 73
31 37
31 38
31 44
31 45
31 50
31 91
31 61
31 94
32 64
32 72
32 92
32 62
33 98
33 75
33 53
33 88
33 92
34 73
34 81
35 99
35 65
35 87
36 75
36 81
36 84
36 85
36 86
37 99
37 75
37 62
37 63
38 88
38 79
39 68
39 73
39 45
39 78
39 62
40 56
40 86
40 79
41 46
41 61
41 62
42 66
42 68
42 81
42 46
42 80
42 83
42 52
42 58
42 91
42 90
43 96
43 66
43 73
43 45
43 50
44 72
44 87
44 88
45 64
45 96
45 63
47 71
47 74
47 80
47 90
47 62
48 58
48 71
48 93
48 63
49 80
49 57
50 67
51 70
51 54
51 89
51 63
52 93
52 79
52 84
52 59
52 92
52 74
53 67
53 84
54 80
54 63
55 75
55 85
55 88
55 92
56 86
56 94
57 99
57 70
57 72
57 84
57 87
58 96
58 80
58 97
58 76
60 76
60 87
60 90
60 95
61 91
62 65
62 85
62 69
63 65
63 88
64 67
64 68
64 69
65 68
65 69
66 77
66 91
66 92
67 89
67 86
68 82
69 70
69 75
69 77
69 93
70 74
70 77
70 91
71 81
71 82
71 75
72 94
73 92
73 75
75 81
75 86
76 88
76 89
77 99
77 92
77 98
78 82
80 84
81 86
83 85
85 91
86 96
89 92
92 95
93 97
94 96
