 .. .. 2.6 
 94 7 2.5894949494949495 
 76 94 2.5797979797979798 
 52 94 2.5703030303030303 
 72 89 2.560808080808081 
 89 25 2.551919191919192 
 94 46 2.544040404040404 
 50 94 2.5357575757575757 
 94 18 2.527070707070707 
 89 43 2.52 
 8 94 2.512929292929293 
 13 94 2.5056565656565657 
 10 94 2.4983838383838384 
 92 94 2.491919191919192 
 94 28 2.4856565656565657 
 94 49 2.479191919191919 
 74 38 2.4731313131313133 
 57 94 2.4672727272727273 
 63 94 2.4612121212121214 
 94 96 2.4549494949494948 
 94 42 2.448888888888889 
 55 94 2.4426262626262627 
 62 94 2.4363636363636365 
 70 94 2.42989898989899 
 94 26 2.4234343434343435 
 15 94 2.4167676767676767 
 94 25 2.4101010101010103 
 68 94 2.403636363636364 
 9 94 2.3971717171717173 
 16 94 2.3905050505050505 
 19 94 2.3838383838383836 
 58 94 2.3771717171717173 
 75 94 2.37030303030303 
 82 94 2.363232323232323 
 4 94 2.356161616161616 
 61 94 2.348888888888889 
 69 94 2.3414141414141416 
 20 94 2.333939393939394 
 79 94 2.3266666666666667 
 1 94 2.3193939393939393 
 54 94 2.312121212121212 
 36 94 2.3048484848484847 
 94 95 2.2973737373737375 
 47 94 2.28989898989899 
 60 94 2.2822222222222224 
 72 94 2.2743434343434346 
 84 94 2.2662626262626264 
 30 94 2.2583838383838386 
 67 94 2.2503030303030305 
 94 99 2.2422222222222223 
 31 94 2.234141414141414 
