0 83
0 11
0 14
0 47
0 17
0 19
0 22
0 91
0 63
1 33
1 34
1 49
1 81
1 20
1 22
1 88
1 92
2 24
2 51
2 74
2 19
3 98
3 37
3 75
3 82
3 56
3 63
4 66
4 23
4 12
4 55
4 25
4 61
5 90
5 94
5 84
5 21
5 23
5 56
5 25
5 26
5 58
5 62
5 95
6 96
6 34
6 69
6 10
6 82
6 49
6 50
6 95
6 53
6 89
6 59
6 29
6 85
7 98
7 59
7 68
7 21
8 32
8 38
8 41
8 18
8 83
8 21
9 80
9 97
9 72
9 73
9 11
9 12
9 13
9 48
9 19
9 20
9 60
9 31
10 34
10 44
10 79
10 50
10 21
10 58
10 90
10 31
11 97
11 38
11 12
11 45
11 77
11 49
11 73
11 57
11 30
12 21
12 23
12 88
13 68
13 42
13 78
13 47
13 26
13 94
14 35
14 68
14 48
14 18
14 83
14 87
14 63
15 33
15 71
15 72
15 43
15 45
15 46
16 84
16 52
16 26
16 28
17 96
17 74
17 84
17 52
17 29
17 94
18 81
18 98
18 67
19 65
19 72
19 96
19 21
19 60
20 71
20 87
20 24
20 89
20 91
20 29
20 95
21 96
21 73
21 87
21 50
21 55
21 90
22 52
22 54
23 70
23 39
23 83
23 55
23 94
24 64
24 73
24 45
24 78
24 77
24 54
25 89
25 71
25 53
26 68
26 45
26 55
26 59
27 51
27 60
27 53
27 78
28 99
29 64
29 70
29 40
29 80
29 88
29 52
29 31
30 99
30 50
30 98
31 71
31 48
31 88
31 94
32 58
32 68
33 77
33 78
33 80
33 53
33 90
34 51
34 61
35 66
35 74
35 48
35 88
35 56
35 89
36 76
36 52
36 71
37 41
37 74
37 43
37 76
37 46
37 75
37 54
37 73
38 96
38 98
38 54
38 53
38 86
39 40
39 43
39 84
39 78
40 96
40 67
40 76
40 79
40 87
40 58
40 62
41 81
41 77
42 68
42 85
43 92
44 49
44 59
44 74
44 65
45 50
45 85
45 89
45 91
46 80
46 81
46 58
47 80
47 93
47 85
48 96
48 77
48 50
48 88
49 76
49 82
49 92
50 98
50 75
50 54
51 92
51 86
51 58
51 60
52 80
52 69
52 71
52 74
52 90
52 86
53 80
53 84
53 58
53 60
54 77
54 87
54 61
55 64
55 67
55 76
56 67
56 83
56 90
57 96
57 97
58 76
58 79
58 87
58 92
59 82
59 60
60 68
60 72
60 76
60 84
60 85
61 75
61 69
62 99
62 74
62 76
62 88
62 63
64 68
64 82
64 90
65 68
65 85
65 89
66 68
66 75
66 79
67 77
68 99
68 71
68 84
69 88
69 87
70 83
70 75
71 96
71 98
71 79
72 87
73 97
73 78
73 80
73 89
74 81
74 95
75 91
76 90
77 98
77 86
77 92
78 85
78 89
78 93
79 98
80 81
82 87
83 90
84 98
84 88
85 97
86 98
86 87
87 97
87 99
88 98
89 96
89 95
90 96
92 96
93 96
94 98
97 99
