0 33
0 97
0 72
0 77
0 78
0 79
0 89
0 58
1 59
1 79
1 3
1 14
1 71
2 88
2 69
2 14
3 8
3 16
3 22
3 30
3 63
4 69
4 7
4 10
4 57
4 60
4 61
5 67
5 74
5 77
5 52
5 56
5 89
5 61
5 95
6 75
6 10
6 71
6 39
7 99
7 8
7 10
7 12
7 59
8 97
8 34
8 41
8 77
8 73
8 89
8 28
9 99
9 68
9 14
9 52
9 91
9 92
10 66
10 99
10 72
10 82
10 84
10 22
11 40
11 43
11 44
11 78
11 80
11 81
11 14
11 92
11 29
12 70
12 40
12 78
12 90
12 92
12 62
13 23
13 76
13 80
13 17
13 18
13 55
13 93
14 97
14 37
14 39
14 15
14 17
14 50
14 51
14 56
14 90
14 60
14 63
15 25
15 86
15 70
15 30
16 32
16 83
16 85
16 24
16 91
16 60
17 32
17 42
17 93
17 31
18 89
18 43
18 94
18 87
19 65
19 98
19 39
19 78
19 47
19 25
20 99
20 63
20 84
20 55
21 95
21 38
21 30
21 61
22 96
22 33
22 58
22 28
22 62
22 95
23 99
23 59
23 46
23 31
24 64
24 38
24 71
24 40
24 54
24 90
25 38
25 43
25 77
25 46
25 48
25 82
25 78
25 79
25 60
25 62
26 97
26 49
26 83
26 52
26 27
26 29
26 62
27 87
27 98
27 47
28 68
28 86
28 77
28 48
28 40
28 82
28 55
29 53
29 62
29 93
30 64
30 92
30 95
31 65
31 90
31 91
31 62
32 39
32 73
32 74
32 76
32 78
32 56
32 89
32 62
33 98
33 86
33 50
33 85
33 87
33 89
33 63
33 53
34 65
34 78
34 46
34 50
34 53
34 61
35 90
35 84
35 69
35 94
35 87
36 68
36 65
36 60
36 73
37 57
37 74
37 75
37 62
38 67
38 71
38 52
39 70
39 50
39 85
39 59
39 60
40 75
40 60
40 46
40 79
40 58
40 62
41 80
41 43
42 44
42 73
43 66
43 82
43 80
43 52
43 93
44 89
45 83
45 59
45 90
45 53
46 97
46 47
46 84
46 62
47 99
47 70
47 71
47 83
48 72
48 60
48 77
48 86
48 56
49 52
49 74
49 93
50 56
51 64
51 65
51 77
51 55
51 60
52 72
52 85
52 73
52 56
53 71
53 72
53 73
53 74
53 87
53 83
53 86
53 55
54 64
54 59
54 88
54 71
55 99
55 69
55 72
55 86
55 87
55 95
56 96
56 67
56 76
57 68
57 74
57 78
57 88
58 97
58 72
58 83
58 63
59 86
59 78
59 77
59 80
59 92
60 64
60 78
60 85
60 62
61 74
61 66
61 89
62 96
62 80
63 72
63 83
63 87
63 84
64 66
64 98
65 98
66 98
66 68
67 96
67 98
67 94
68 69
68 76
68 83
69 72
70 86
70 87
70 94
71 94
73 77
73 91
73 74
74 91
75 81
77 97
77 79
77 89
78 98
78 87
79 98
79 83
79 86
80 97
81 87
82 90
82 92
83 93
84 99
84 87
84 90
87 91
87 92
87 93
89 93
90 99
91 97
94 99
95 98
