0 24
0 51
0 77
0 22
1 64
1 6
1 42
1 88
1 22
1 56
1 57
1 92
2 98
2 54
2 76
2 48
2 83
2 86
2 87
2 31
3 99
3 71
3 13
3 80
3 50
3 83
3 58
3 27
3 61
3 94
4 92
4 54
4 87
5 33
5 73
5 13
5 17
5 20
5 21
5 87
5 31
6 67
6 37
6 39
6 12
6 22
6 87
6 88
6 89
6 28
7 35
7 37
7 40
7 76
7 53
7 22
7 56
7 85
8 40
8 41
8 76
8 61
8 87
9 32
9 68
9 12
9 14
9 15
9 16
9 49
9 30
9 95
10 99
10 70
10 12
10 50
10 22
10 59
11 33
11 37
11 81
11 40
11 42
11 45
11 72
11 83
11 61
12 78
12 83
12 84
12 21
12 22
12 23
12 88
12 90
12 61
13 49
13 82
13 61
14 68
14 69
14 49
14 83
14 20
14 91
15 79
15 80
15 86
15 56
15 27
16 99
16 37
16 78
16 47
16 82
16 85
17 67
17 39
17 20
17 21
17 59
17 60
17 95
18 48
18 59
18 23
19 81
19 90
19 28
19 85
19 38
20 38
20 71
20 42
20 88
20 57
20 61
21 32
21 66
21 44
21 98
21 47
21 50
21 73
21 30
21 69
22 43
22 39
22 75
22 87
22 92
22 74
23 33
23 98
23 35
23 46
23 48
23 83
23 54
23 26
23 63
24 97
24 67
24 68
24 86
24 70
24 52
24 53
24 54
25 37
25 70
25 73
25 74
25 45
25 46
25 88
25 58
26 65
26 69
26 97
26 40
26 49
26 51
26 61
27 64
27 33
27 38
27 42
27 76
28 33
28 38
28 84
28 94
28 69
29 89
29 98
29 86
29 55
30 96
30 49
30 54
30 58
31 33
31 43
32 87
32 78
32 33
33 35
33 78
33 49
33 58
34 58
35 66
35 40
35 41
35 44
35 72
35 91
36 49
36 43
36 92
36 73
37 64
37 47
37 84
38 43
38 47
38 88
38 61
39 66
39 99
39 70
39 78
39 52
39 94
39 62
40 41
40 71
40 50
40 99
40 92
40 62
40 63
41 97
41 59
41 92
42 66
42 98
42 44
42 45
42 48
42 81
43 69
43 78
43 49
43 89
43 91
44 93
45 64
45 97
45 72
45 48
45 84
45 86
46 51
46 76
47 98
47 56
47 58
47 69
48 65
48 69
48 84
48 53
48 88
48 59
49 77
49 54
50 76
50 87
50 53
51 68
51 61
51 58
52 73
52 58
54 65
54 55
54 83
55 57
55 84
56 97
56 79
56 86
56 60
58 97
59 74
59 94
60 67
60 87
60 93
60 63
61 66
61 91
61 90
62 98
62 79
62 88
62 92
62 95
64 71
64 95
65 71
65 77
65 88
66 98
66 74
67 98
67 79
68 70
68 73
68 89
68 92
69 92
70 98
70 71
70 76
70 89
71 76
71 77
71 85
72 88
72 93
73 99
73 79
74 87
75 80
76 92
78 83
79 83
81 82
83 97
85 92
87 89
89 94
93 94
96 97
