 .. .. 2.6313131313131315 
 9 42 2.6187878787878787 
 6 40 2.606868686868687 
 56 82 2.5973737373737373 
 80 38 2.589292929292929 
 82 29 2.5816161616161617 
 22 86 2.5739393939393937 
 4 92 2.5668686868686867 
 18 42 2.5597979797979797 
 15 42 2.5533333333333332 
 75 72 2.547070707070707 
 10 82 2.540808080808081 
 92 48 2.5347474747474745 
 41 86 2.528888888888889 
 86 60 2.5232323232323233 
 74 86 2.5175757575757576 
 79 92 2.511919191919192 
 35 92 2.5064646464646465 
 24 92 2.500808080808081 
 92 94 2.4953535353535354 
 19 92 2.4896969696969697 
 49 92 2.4842424242424244 
 9 92 2.478787878787879 
 14 92 2.4727272727272727 
 23 92 2.467070707070707 
 1 92 2.4616161616161616 
 34 92 2.456161616161616 
 2 92 2.450707070707071 
 50 92 2.445050505050505 
 11 92 2.4393939393939394 
 46 92 2.4335353535353534 
 92 93 2.427676767676768 
 90 92 2.421818181818182 
 59 92 2.416161616161616 
 92 98 2.41030303030303 
 30 92 2.4044444444444446 
 67 92 2.3983838383838383 
 65 92 2.3923232323232324 
 92 96 2.386060606060606 
 78 92 2.3797979797979796 
 74 92 2.3735353535353534 
 53 92 2.367272727272727 
 76 92 2.3608080808080807 
 25 92 2.354343434343434 
 40 92 2.347676767676768 
 54 92 2.3408080808080807 
 31 92 2.333939393939394 
 47 92 2.3270707070707073 
 83 92 2.32 
 92 97 2.3127272727272725 
 71 92 2.3054545454545456 
