 .. .. 2.612929292929293 
 28 55 2.6032323232323233 
 26 48 2.594141414141414 
 10 48 2.5850505050505053 
 36 45 2.5761616161616163 
 73 96 2.5682828282828285 
 15 89 2.561010101010101 
 70 73 2.553737373737374 
 65 78 2.546666666666667 
 44 89 2.5397979797979797 
 5 78 2.532929292929293 
 62 87 2.526262626262626 
 12 28 2.52 
 4 78 2.5143434343434343 
 55 40 2.5090909090909093 
 34 36 2.504040404040404 
 73 25 2.498989898989899 
 58 73 2.493939393939394 
 51 68 2.4890909090909092 
 66 89 2.4844444444444442 
 73 42 2.4797979797979797 
 54 73 2.474747474747475 
 67 73 2.4696969696969697 
 92 73 2.4646464646464645 
 5 73 2.46 
 73 43 2.455151515151515 
 73 38 2.4505050505050505 
 10 73 2.445858585858586 
 57 73 2.441010101010101 
 61 73 2.435959595959596 
 16 73 2.431111111111111 
 73 86 2.426262626262626 
 45 73 2.4212121212121214 
 62 73 2.415959595959596 
 26 73 2.410707070707071 
 73 28 2.4054545454545453 
 2 73 2.4002020202020202 
 15 73 2.394747474747475 
 37 73 2.389090909090909 
 14 73 2.3836363636363638 
 66 73 2.377979797979798 
 20 73 2.3723232323232324 
 7 73 2.3666666666666667 
 11 73 2.3608080808080807 
 39 73 2.354949494949495 
 73 75 2.348888888888889 
 56 73 2.3426262626262626 
 49 73 2.3363636363636364 
 84 73 2.32989898989899 
 64 73 2.3234343434343434 
 46 73 2.316969696969697 
