 .. .. 2.5664646464646466 
 34 12 2.556363636363636 
 82 22 2.5468686868686867 
 96 22 2.537171717171717 
 80 48 2.528888888888889 
 19 24 2.520808080808081 
 93 54 2.512929292929293 
 55 40 2.5056565656565657 
 22 23 2.4985858585858587 
 57 22 2.4925252525252524 
 34 40 2.486666666666667 
 93 22 2.481010101010101 
 81 22 2.4753535353535354 
 86 22 2.4694949494949494 
 52 22 2.4638383838383837 
 77 22 2.457979797979798 
 18 22 2.4527272727272726 
 91 22 2.4472727272727273 
 95 22 2.4416161616161616 
 15 22 2.4363636363636365 
 90 22 2.430909090909091 
 36 22 2.4256565656565656 
 80 22 2.4204040404040406 
 46 22 2.4153535353535354 
 29 22 2.41030303030303 
 31 22 2.405050505050505 
 51 22 2.3995959595959597 
 63 22 2.393939393939394 
 4 22 2.3882828282828283 
 44 22 2.3826262626262626 
 16 22 2.376969696969697 
 53 22 2.371111111111111 
 55 22 2.3652525252525254 
 72 22 2.359191919191919 
 13 22 2.3533333333333335 
 32 22 2.347272727272727 
 34 22 2.341010101010101 
 59 22 2.3345454545454545 
 64 22 2.3278787878787877 
 85 22 2.3212121212121213 
 79 22 2.3145454545454545 
 19 22 2.307878787878788 
 14 22 2.3012121212121213 
 58 22 2.294343434343434 
 8 22 2.2874747474747474 
 65 22 2.2806060606060607 
 94 22 2.2735353535353537 
 37 22 2.2664646464646463 
 60 22 2.2593939393939393 
 67 22 2.2523232323232323 
 30 22 2.2452525252525253 
