0 35
0 10
0 3
0 37
0 41
1 34
1 35
1 5
1 11
1 99
1 81
1 51
1 30
1 69
2 35
2 4
2 10
2 75
2 45
2 20
2 87
2 59
2 31
3 69
3 9
3 76
3 80
3 84
3 85
3 28
3 30
4 41
4 34
4 45
4 80
4 52
4 87
4 24
4 27
4 61
5 27
5 28
5 38
5 49
6 96
6 65
6 82
6 21
6 71
7 25
7 91
7 69
7 47
8 33
8 37
8 9
8 10
8 76
8 47
8 21
8 92
8 94
9 51
9 34
9 35
9 70
9 38
9 72
10 73
10 43
10 80
10 53
10 23
11 88
11 91
11 20
11 22
12 89
12 69
12 22
13 98
13 74
13 29
13 81
13 90
13 27
13 60
13 42
14 40
14 76
14 69
14 63
15 36
15 70
15 41
15 82
15 16
15 49
15 50
15 25
16 39
16 45
16 78
16 49
16 19
16 60
16 29
16 62
17 50
17 74
17 46
18 41
18 71
19 96
19 33
19 34
19 67
19 66
19 28
19 94
20 72
20 45
20 48
20 81
20 27
21 81
21 50
21 51
21 91
22 81
22 40
22 72
22 88
23 72
23 49
23 84
23 70
24 38
24 72
24 81
24 50
24 88
24 27
25 32
25 64
25 43
25 77
25 49
25 31
26 32
26 38
26 93
26 81
26 51
26 61
26 31
27 72
27 75
28 70
28 46
28 48
29 69
29 37
30 39
30 43
30 46
30 99
30 51
30 52
30 78
31 32
31 35
31 77
31 46
31 54
31 87
31 61
32 65
32 98
32 39
33 99
33 36
33 52
33 85
33 89
33 90
33 95
33 60
33 62
33 63
34 53
35 99
35 43
35 98
35 47
35 91
35 92
36 67
36 38
36 39
36 44
36 77
36 46
36 99
36 83
36 53
37 60
37 76
38 72
38 55
38 57
38 62
38 95
39 65
39 42
39 75
39 45
39 61
40 68
40 71
40 75
40 56
40 58
41 48
41 49
41 86
42 44
42 84
42 85
42 90
43 65
44 56
44 96
45 69
45 83
46 47
46 84
46 54
46 57
46 59
46 93
47 70
47 71
47 90
47 93
48 53
48 49
49 65
49 80
49 94
50 71
50 78
50 80
51 78
51 86
51 56
51 93
52 67
52 74
52 55
53 98
53 57
53 60
53 63
54 70
55 96
55 90
56 96
56 73
56 80
56 95
57 81
57 87
57 61
58 74
59 78
59 69
59 95
60 68
61 79
61 81
62 98
62 74
62 81
62 85
63 66
64 87
65 75
65 78
65 83
66 87
66 68
67 97
67 83
67 85
68 88
69 81
70 96
70 86
70 88
71 86
71 88
71 90
71 91
71 94
73 92
73 87
74 98
74 75
74 77
74 93
75 99
75 84
75 95
76 78
76 82
76 92
76 95
77 79
77 95
77 93
79 97
79 98
80 87
80 89
81 84
81 98
81 88
81 92
84 91
85 94
86 87
88 97
88 94
92 99
98 99
