 .. .. 2.526262626262626 
 11 73 2.515959595959596 
 23 76 2.5084848484848483 
 10 49 2.502020202020202 
 80 92 2.4955555555555557 
 16 49 2.489292929292929 
 11 49 2.4836363636363634 
 98 49 2.4775757575757575 
 45 49 2.4713131313131314 
 68 49 2.464848484848485 
 54 49 2.459191919191919 
 14 49 2.4535353535353535 
 46 49 2.447676767676768 
 76 49 2.4414141414141413 
 20 49 2.4353535353535354 
 64 49 2.42989898989899 
 51 49 2.4244444444444446 
 25 49 2.419191919191919 
 42 49 2.4137373737373737 
 9 49 2.4082828282828284 
 94 49 2.4026262626262627 
 19 49 2.396969696969697 
 39 49 2.391111111111111 
 78 49 2.385050505050505 
 27 49 2.3793939393939394 
 56 49 2.3735353535353534 
 8 49 2.367676767676768 
 57 49 2.3616161616161615 
 26 49 2.3555555555555556 
 87 49 2.3494949494949493 
 43 49 2.3434343434343434 
 69 49 2.3371717171717172 
 1 49 2.330909090909091 
 4 49 2.324646464646465 
 5 49 2.318383838383838 
 6 49 2.3119191919191917 
 28 49 2.3052525252525253 
 75 49 2.2985858585858585 
 93 49 2.291717171717172 
 61 49 2.285050505050505 
 13 49 2.278383838383838 
 58 49 2.2715151515151515 
 70 49 2.2644444444444445 
 77 49 2.2573737373737375 
 83 49 2.2503030303030305 
 21 49 2.243232323232323 
 71 49 2.235959595959596 
 99 49 2.2284848484848485 
 2 49 2.221010101010101 
 92 49 2.2135353535353537 
 40 49 2.206060606060606 
