0 99
0 51
0 84
0 87
0 88
0 52
0 59
0 29
1 73
1 66
1 98
2 97
2 42
2 50
2 29
3 33
3 73
3 43
3 76
3 21
3 86
3 31
4 32
4 67
4 39
4 79
4 16
4 19
4 88
5 89
5 26
6 64
6 80
6 37
6 97
6 41
6 48
6 52
7 32
7 34
7 38
7 78
7 47
7 91
8 38
8 70
8 78
8 84
8 24
8 90
8 31
9 73
9 79
9 82
9 51
9 22
9 41
9 25
10 34
10 75
10 21
11 96
11 65
11 72
11 76
11 89
11 30
12 64
12 36
12 74
12 13
12 77
12 16
12 49
12 82
12 68
12 92
12 95
13 32
13 33
13 34
13 67
13 56
13 90
13 27
14 56
14 41
14 42
14 59
14 77
15 82
15 43
15 47
16 97
16 85
16 39
17 64
17 33
17 98
17 65
17 80
17 19
17 24
18 97
18 98
18 75
18 52
18 85
18 57
18 90
18 59
18 95
19 39
19 73
19 21
19 91
19 63
20 83
20 52
20 85
20 57
20 60
20 63
21 64
21 34
21 41
21 79
21 85
22 33
22 36
22 38
22 47
22 51
22 55
22 30
23 97
23 70
23 72
23 79
23 52
23 88
23 28
24 98
24 46
24 55
24 72
24 88
24 26
25 74
25 81
25 31
26 68
27 32
27 33
27 38
27 41
27 79
27 81
27 58
27 93
28 56
28 35
28 54
29 33
29 99
29 83
29 48
29 51
30 65
30 97
30 55
30 92
31 34
31 75
31 76
31 78
31 82
31 53
31 61
31 85
32 36
32 39
32 40
32 84
32 58
32 90
33 97
33 79
33 48
33 87
33 89
34 81
35 56
35 73
36 97
36 98
36 72
36 73
36 48
36 84
36 87
36 57
36 59
36 63
37 81
37 83
37 46
37 45
38 98
39 98
39 47
40 48
40 74
40 61
41 70
41 54
41 56
41 89
42 96
42 69
42 71
42 75
42 47
42 48
42 88
42 90
43 51
43 84
43 55
44 73
44 68
45 65
45 94
46 99
46 47
46 48
46 53
47 99
47 50
47 87
48 71
48 73
48 93
48 97
48 95
49 91
49 66
49 83
50 72
50 77
50 81
50 83
50 53
50 86
50 89
50 63
51 98
51 81
51 85
51 94
52 99
52 75
52 89
52 91
53 55
53 58
53 92
54 78
54 60
55 98
55 67
55 69
55 63
56 60
56 95
57 77
57 60
58 65
58 71
58 86
59 89
60 89
60 95
61 91
61 87
62 80
62 92
62 93
63 99
63 69
63 76
63 89
63 91
63 93
64 79
64 90
64 92
65 93
66 95
66 78
67 94
67 70
68 72
68 86
69 93
69 94
71 77
71 82
71 87
72 92
73 83
73 80
73 99
73 91
74 97
74 75
74 78
76 97
76 77
77 89
77 86
77 87
77 94
78 81
78 87
79 98
80 99
80 85
82 94
87 95
88 91
89 98
94 95
95 99
