0 2
0 91
0 70
0 44
0 18
0 19
0 27
0 61
0 62
1 97
1 2
1 12
1 45
1 23
1 90
1 28
1 94
2 33
2 96
2 51
2 21
2 89
2 29
3 32
3 97
3 37
3 6
3 39
3 9
3 10
3 12
3 81
3 56
3 90
3 70
3 61
4 64
4 66
4 29
4 93
4 79
5 36
5 42
5 45
5 51
5 21
5 87
6 96
6 34
6 10
6 75
6 82
6 29
7 80
7 49
7 38
8 97
8 14
8 47
8 51
8 90
8 28
8 31
9 36
9 39
9 10
9 14
9 85
9 90
9 27
9 42
9 63
10 44
10 78
10 50
10 19
11 65
11 42
11 75
11 69
11 55
12 96
12 20
13 88
13 18
13 70
13 55
14 34
14 70
14 82
14 55
15 67
15 41
15 43
15 48
15 99
15 55
16 97
16 68
16 70
16 23
17 56
17 66
17 37
17 61
18 67
18 35
18 37
18 72
18 74
18 45
18 51
18 58
19 41
19 80
19 21
19 22
19 57
19 25
19 59
19 63
20 24
20 76
20 91
21 34
21 43
21 81
21 50
21 84
21 22
21 58
21 54
22 67
22 68
22 77
22 26
22 95
22 53
23 67
23 83
23 86
23 94
24 32
24 33
24 63
24 75
24 25
24 27
24 31
25 96
25 98
25 73
25 46
25 50
25 58
26 29
27 96
27 78
27 61
28 34
28 61
28 71
29 65
29 44
29 46
29 93
29 48
29 61
30 35
30 44
30 45
30 50
30 52
30 87
30 89
31 64
31 36
31 38
31 71
31 75
31 76
31 79
31 93
32 97
32 78
32 99
32 53
33 74
33 76
33 79
33 83
33 54
33 87
33 95
34 39
34 42
34 89
34 57
35 97
35 82
35 78
35 59
35 94
35 95
36 76
36 54
36 59
37 65
37 46
37 91
38 71
38 80
38 81
38 87
39 72
39 75
40 41
40 98
40 78
40 57
41 42
41 78
41 80
41 57
41 60
42 66
42 47
42 48
42 52
42 85
43 45
43 93
43 55
43 61
44 48
44 82
44 89
44 63
45 71
45 78
45 50
45 86
45 55
45 61
45 69
47 75
47 76
47 77
47 85
47 89
47 95
48 98
48 75
48 52
48 54
48 90
49 98
49 87
49 70
49 54
50 96
50 68
50 94
50 60
51 76
51 72
51 84
51 95
52 59
53 64
53 98
53 96
53 87
53 58
53 91
54 70
54 72
54 77
54 56
55 77
55 75
56 71
56 75
56 57
56 62
57 71
57 81
59 76
59 99
60 97
60 99
60 76
60 73
60 88
61 82
61 95
62 98
62 71
62 73
62 82
63 96
63 97
63 68
63 69
63 84
64 96
64 65
64 75
65 83
65 86
65 91
68 84
69 88
69 86
70 77
70 89
71 96
71 89
72 98
72 75
73 83
73 97
74 80
74 85
75 85
76 89
77 81
79 80
79 86
80 97
82 91
84 87
86 89
86 95
89 92
91 95
94 96
97 98
