0 32
0 97
0 40
0 13
0 47
0 50
0 83
0 53
1 32
1 50
1 84
1 37
1 45
2 98
2 12
2 79
2 22
2 23
2 93
2 31
3 65
3 73
3 49
3 85
3 28
3 63
4 65
4 44
4 45
4 79
4 80
4 26
4 90
5 70
5 23
5 55
5 89
5 60
5 93
6 33
6 14
6 17
6 18
6 83
6 86
6 27
7 67
7 86
7 9
7 81
7 52
7 22
7 61
7 30
7 95
8 77
8 46
8 18
8 84
8 89
8 59
9 16
9 13
9 62
10 75
10 94
10 62
10 15
11 71
12 35
12 38
12 42
12 66
12 55
12 91
12 61
13 67
13 55
13 73
13 87
13 89
14 67
14 17
14 50
14 59
14 27
15 67
15 39
15 72
15 86
15 59
15 42
15 62
15 31
16 32
16 82
17 32
17 40
17 79
17 49
17 20
17 21
17 87
17 31
18 65
18 37
18 79
18 83
18 53
18 55
18 69
18 63
19 80
19 34
19 59
19 85
19 95
20 95
20 62
20 25
21 64
21 69
21 47
21 52
21 85
21 58
21 63
22 32
22 66
22 47
22 49
22 83
22 86
22 26
22 93
23 33
23 35
23 39
23 73
23 54
23 58
23 95
24 32
24 72
24 73
24 45
24 47
24 88
24 26
24 28
24 58
24 31
25 99
25 70
25 41
25 80
25 93
25 94
26 34
26 72
26 79
27 66
27 85
28 65
28 36
28 69
28 41
28 80
28 52
28 58
29 33
29 98
29 99
29 70
29 73
29 82
29 52
29 86
29 88
29 93
30 33
30 77
30 79
30 49
30 89
30 56
30 88
30 91
30 61
30 31
31 69
31 82
31 54
32 33
32 72
32 51
32 84
32 91
32 60
33 64
33 68
33 71
33 72
33 82
33 88
34 43
34 49
35 64
35 97
35 81
35 82
35 84
35 94
36 97
36 66
36 40
36 74
36 49
36 88
36 58
37 97
37 70
37 71
37 78
37 55
37 89
37 93
37 95
38 66
38 41
38 43
38 77
38 78
38 47
38 52
39 96
39 41
40 69
40 54
40 58
40 93
41 96
41 72
41 60
41 48
41 95
42 60
42 54
43 59
43 54
43 55
44 96
44 74
44 49
44 50
44 88
45 75
46 80
46 63
46 52
46 55
47 74
47 77
47 87
47 91
47 61
47 63
48 71
48 52
48 53
48 55
48 89
48 94
49 96
49 97
49 81
49 67
49 55
49 90
50 72
50 75
50 92
50 61
50 95
51 72
51 98
51 86
52 82
52 84
53 68
53 77
53 79
53 84
53 85
53 87
53 88
54 78
55 84
56 64
56 73
56 75
56 92
57 66
57 98
57 85
57 94
58 60
59 65
59 73
59 85
59 63
60 98
60 77
60 82
60 90
61 71
61 74
61 77
61 84
62 97
62 71
62 72
62 63
63 65
63 82
65 96
65 83
65 88
66 70
66 72
66 73
66 75
66 82
67 88
69 98
70 99
70 72
71 81
71 92
73 99
73 83
73 86
74 85
74 89
75 99
76 91
76 92
77 81
77 84
78 97
78 92
79 91
79 90
80 84
82 89
83 87
86 89
87 95
88 99
88 92
89 98
89 99
89 91
91 98
