0 99
0 36
0 71
0 76
0 78
0 80
0 19
0 22
0 26
1 97
1 6
1 40
1 73
1 82
1 57
2 96
2 79
3 36
3 18
3 4
3 63
4 8
4 68
5 49
5 71
5 76
5 17
5 86
5 27
6 32
6 64
6 20
6 90
6 27
6 28
7 40
7 76
7 79
7 51
7 88
7 47
7 95
8 69
8 46
8 81
8 83
8 55
8 24
9 33
9 50
9 61
9 22
10 97
10 45
10 51
10 86
10 58
10 28
11 40
11 17
11 81
11 65
12 99
12 70
12 19
12 52
12 53
12 25
13 28
13 69
14 51
14 18
14 35
15 32
15 89
15 74
15 75
15 55
16 64
16 97
16 75
16 47
16 21
16 85
17 65
17 41
17 86
17 24
17 28
17 95
18 66
18 41
18 78
18 30
19 65
19 47
19 85
19 93
20 33
20 58
20 74
20 85
21 49
21 75
21 94
21 22
22 44
22 80
22 82
22 51
22 55
22 31
23 61
24 96
24 49
24 43
24 51
24 40
24 56
24 29
25 33
25 66
25 44
25 43
25 82
25 60
25 61
26 65
26 98
26 69
26 97
26 85
26 91
26 95
27 79
27 51
27 55
28 39
28 75
28 76
28 62
28 59
28 30
29 97
29 82
29 83
30 64
30 49
30 84
31 64
31 46
31 61
32 81
32 62
33 76
33 45
33 78
33 82
33 83
33 63
34 75
34 86
35 36
35 39
35 42
35 76
35 55
35 61
35 95
36 37
36 39
36 43
36 46
36 55
37 66
37 86
37 38
38 96
38 67
38 92
38 45
39 51
39 65
40 88
40 82
41 64
41 97
41 96
41 54
42 45
44 47
44 84
44 54
44 89
44 94
45 99
46 53
46 87
46 90
47 99
47 73
47 74
47 77
48 80
48 83
49 63
50 67
50 70
50 54
50 65
51 67
51 79
52 69
52 75
52 54
52 87
52 91
53 99
53 59
53 69
55 74
55 78
55 67
55 85
56 95
56 84
56 87
57 83
57 78
57 81
60 94
60 73
61 67
62 80
63 95
63 67
64 86
64 73
65 70
65 73
66 75
66 78
66 86
66 88
67 92
68 92
69 77
70 98
71 98
72 85
73 76
73 80
74 99
75 98
75 76
76 88
77 92
78 88
80 90
81 99
82 93
82 91
83 93
83 84
84 96
85 88
86 87
89 91
89 94
93 97
