0 67
0 70
0 42
0 75
0 51
0 87
0 26
0 63
1 32
1 66
1 91
1 36
1 69
1 8
1 98
1 15
1 19
1 23
1 47
2 48
2 17
2 18
2 43
2 68
3 35
3 39
3 11
3 47
3 24
3 94
4 66
4 72
4 9
4 10
4 16
4 41
4 23
4 88
4 25
4 26
4 62
5 97
5 98
5 35
5 78
6 34
6 51
6 28
6 94
7 16
7 59
7 38
8 64
8 52
8 38
8 14
9 33
9 19
9 30
10 89
10 58
10 29
11 95
11 44
11 39
12 56
12 68
12 28
13 89
13 53
13 79
14 49
14 79
14 27
14 63
15 28
15 21
15 54
15 60
16 70
16 45
16 55
16 60
16 94
17 36
17 40
17 43
17 46
17 60
18 85
19 61
20 99
20 93
21 33
21 43
21 82
21 57
21 28
22 33
22 66
22 52
22 45
23 40
23 37
23 28
24 60
25 76
25 26
26 91
27 64
27 34
27 39
27 87
27 93
27 94
28 67
28 80
28 29
29 99
29 44
29 67
29 61
30 66
30 94
30 73
31 65
31 68
32 36
32 69
32 46
32 79
32 49
33 64
33 39
33 72
33 41
33 91
34 46
35 83
37 57
37 42
38 98
38 44
38 77
38 87
38 94
39 54
39 60
41 68
41 55
42 84
42 85
43 69
43 71
43 74
43 77
43 58
43 90
43 94
44 51
44 93
45 99
45 83
46 79
46 54
46 57
46 91
46 92
46 63
47 68
47 70
47 74
47 75
47 81
47 82
47 55
47 89
48 96
48 75
48 50
48 87
48 55
48 61
49 95
50 60
51 58
52 95
53 99
53 84
53 69
53 55
54 98
55 81
56 64
56 88
56 75
56 63
58 96
59 66
59 83
60 67
60 76
60 95
61 66
61 74
61 78
61 79
62 82
62 91
64 72
66 99
66 87
67 68
67 84
68 81
68 79
69 84
69 91
70 91
71 91
72 82
72 97
74 98
74 95
75 98
75 78
75 85
77 83
77 98
78 97
79 91
81 91
82 93
82 94
84 86
84 93
87 90
87 92
90 92
91 97
94 97
