 .. .. 3.0414141414141413 
 65 1 3.010707070707071 
 66 85 2.9927272727272727 
 66 86 2.9763636363636365 
 83 46 2.9606060606060605 
 46 4 2.9452525252525255 
 73 46 2.92989898989899 
 80 66 2.914747474747475 
 46 20 2.9002020202020202 
 95 4 2.886262626262626 
 96 46 2.8725252525252527 
 31 46 2.85979797979798 
 4 5 2.847070707070707 
 4 18 2.8341414141414143 
 4 84 2.820606060606061 
 4 24 2.807878787878788 
 51 4 2.795757575757576 
 89 4 2.7836363636363637 
 50 4 2.7715151515151515 
 4 12 2.7608080808080806 
 52 4 2.74989898989899 
 4 43 2.7385858585858585 
 76 4 2.7264646464646463 
 4 49 2.7145454545454544 
 4 7 2.7032323232323234 
 4 11 2.6925252525252525 
 65 4 2.6814141414141415 
 37 4 2.6705050505050507 
 40 4 2.66 
 64 4 2.6492929292929293 
 35 4 2.638989898989899 
 78 4 2.6286868686868687 
 86 4 2.6183838383838385 
 4 13 2.608282828282828 
 36 4 2.598181818181818 
 81 4 2.588080808080808 
 42 4 2.578181818181818 
 80 4 2.568080808080808 
 4 19 2.5583838383838384 
 73 4 2.5486868686868687 
 59 4 2.538989898989899 
 44 4 2.529292929292929 
 54 4 2.5193939393939395 
 56 4 2.5096969696969698 
 34 4 2.5 
 71 4 2.49010101010101 
 45 4 2.4804040404040406 
 92 4 2.4705050505050505 
 4 14 2.4608080808080808 
 4 22 2.451111111111111 
 57 4 2.4412121212121214 
