0 48
0 56
0 82
0 52
0 96
1 83
1 11
1 37
1 6
1 45
2 90
2 60
2 39
3 88
3 66
3 20
3 87
4 12
4 55
5 26
5 51
5 53
6 7
6 78
6 17
6 20
6 58
6 90
6 95
7 72
7 78
7 50
7 92
7 95
8 80
8 25
8 34
8 67
8 97
9 95
9 39
10 32
10 25
10 12
10 84
11 32
11 70
11 74
11 16
11 61
12 92
12 75
12 55
13 34
13 39
13 41
13 20
13 26
13 60
13 61
14 72
14 29
14 62
15 29
15 31
16 88
16 43
16 92
16 30
17 72
17 93
18 24
18 49
18 91
18 61
18 97
19 41
19 42
19 66
19 36
19 58
20 96
20 38
20 88
21 72
21 68
21 44
21 53
21 95
22 61
22 54
23 96
23 34
23 99
23 68
24 57
24 70
25 69
25 78
25 91
25 92
25 31
26 55
26 28
27 96
27 74
28 30
29 71
29 45
29 82
29 51
29 85
30 48
30 56
31 49
31 68
31 33
32 74
32 34
33 70
34 96
34 52
34 53
34 88
35 72
35 97
35 50
35 92
36 47
37 98
37 75
37 45
37 81
37 84
37 63
38 88
38 75
38 61
38 79
39 81
39 82
39 93
40 92
40 87
41 48
41 67
42 51
42 82
42 47
43 60
44 48
44 96
45 51
45 84
45 54
46 72
47 96
47 97
47 75
47 84
47 54
47 89
48 49
49 76
50 72
50 55
51 81
52 80
52 53
52 58
52 59
53 82
54 57
54 62
55 65
55 69
55 80
56 95
56 61
56 69
57 94
57 79
58 77
58 87
58 90
59 80
59 76
61 73
61 78
62 79
62 71
63 67
63 94
63 70
63 93
64 88
64 90
64 99
65 97
65 95
65 79
66 67
67 92
68 97
68 73
68 82
68 84
68 89
69 96
70 75
70 89
71 90
72 93
73 90
77 93
78 82
79 80
79 84
80 95
81 90
83 97
83 89
84 94
85 88
85 86
86 96
86 87
87 88
88 93
89 98
89 99
91 94
91 97
94 96
