0 5
0 81
0 49
0 18
0 28
0 31
1 68
1 28
1 46
2 33
2 67
2 40
2 43
2 83
2 20
2 30
3 99
3 67
3 20
3 87
4 16
4 17
4 91
4 29
4 61
5 64
5 37
5 78
5 86
5 88
5 26
6 50
6 43
6 53
6 87
7 51
7 11
8 41
8 10
8 83
8 28
8 23
9 80
9 58
9 21
10 91
10 15
10 40
10 50
10 52
10 59
10 92
11 78
12 40
12 33
12 69
12 31
13 96
13 97
13 35
14 42
14 76
14 18
14 86
14 59
14 31
15 68
15 41
15 77
15 49
15 19
15 54
16 33
16 34
16 71
16 48
16 81
17 88
17 37
17 94
18 34
18 42
18 75
18 19
18 94
18 30
19 92
19 87
19 84
20 25
20 69
21 82
21 22
22 49
22 46
22 65
23 89
23 66
23 30
24 35
26 61
26 70
26 39
27 89
27 59
27 87
28 99
28 69
28 65
28 46
28 72
29 41
29 63
29 77
29 44
30 97
30 71
30 41
30 83
30 88
31 84
32 50
33 75
33 76
33 46
33 81
33 86
34 98
35 49
35 74
35 95
36 88
36 69
36 38
36 39
37 91
37 65
38 77
38 95
39 92
39 79
40 60
40 47
41 69
41 45
41 87
42 98
42 50
43 96
43 52
43 89
43 94
44 80
44 90
44 79
45 69
45 80
45 82
45 90
45 59
46 80
46 81
46 62
47 96
47 52
47 69
48 60
48 85
48 94
49 59
50 65
50 87
50 92
51 88
51 57
51 90
51 59
52 61
52 69
53 73
53 61
53 85
54 72
54 74
54 91
55 66
55 68
55 70
56 97
57 83
57 58
57 90
58 98
58 67
58 85
59 70
59 88
60 75
60 76
60 99
61 99
62 64
62 88
62 82
63 97
63 66
63 99
64 90
65 66
65 84
65 89
66 71
66 76
67 79
68 99
68 78
68 81
68 84
69 74
71 83
72 73
72 75
74 95
75 96
75 98
75 88
76 91
76 93
77 96
77 90
78 96
78 87
79 83
80 94
81 96
81 94
88 98
89 98
90 96
90 99
