 .. .. 3.104242424242424 
 35 58 3.0793939393939396 
 66 35 3.0593939393939396 
 25 88 3.0414141414141413 
 10 56 3.024040404040404 
 10 21 3.0076767676767675 
 53 88 2.991919191919192 
 35 88 2.974949494949495 
 88 93 2.9583838383838383 
 10 88 2.9414141414141413 
 10 11 2.923232323232323 
 32 88 2.908080808080808 
 44 88 2.893131313131313 
 84 88 2.8775757575757575 
 48 10 2.864040404040404 
 24 88 2.850909090909091 
 3 88 2.8385858585858585 
 38 88 2.8256565656565655 
 46 88 2.8125252525252527 
 73 88 2.7993939393939393 
 7 88 2.7870707070707073 
 9 88 2.7751515151515154 
 34 88 2.763232323232323 
 55 88 2.7511111111111113 
 88 95 2.7387878787878788 
 31 88 2.726868686868687 
 74 88 2.714949494949495 
 88 97 2.7036363636363636 
 79 88 2.6923232323232322 
 47 88 2.681010101010101 
 82 88 2.66969696969697 
 64 88 2.6587878787878787 
 85 88 2.647878787878788 
 26 88 2.636969696969697 
 6 88 2.6262626262626263 
 39 88 2.6157575757575757 
 1 88 2.6054545454545455 
 70 88 2.594949494949495 
 13 88 2.5846464646464646 
 86 88 2.5743434343434344 
 20 88 2.564040404040404 
 54 88 2.553737373737374 
 11 88 2.5434343434343436 
 27 88 2.5331313131313133 
 57 88 2.5226262626262628 
 29 88 2.512121212121212 
 56 88 2.5016161616161616 
 4 88 2.4913131313131314 
 23 88 2.481010101010101 
 37 88 2.470707070707071 
 88 92 2.4602020202020203 
