0 8
0 82
0 67
1 66
1 27
1 71
1 74
1 46
1 99
1 84
1 59
2 6
2 41
2 42
2 12
2 16
2 27
3 56
3 95
4 51
4 74
4 27
4 22
4 65
5 96
5 26
5 91
5 82
5 6
6 65
6 90
6 61
7 73
7 10
7 68
8 19
8 30
9 80
9 41
9 70
9 96
10 24
10 17
10 60
10 22
11 18
11 82
11 30
11 93
12 36
12 39
12 78
12 15
12 22
12 79
12 94
12 31
13 96
13 83
13 38
13 23
14 56
14 80
14 43
14 76
14 62
15 35
15 54
15 45
15 86
15 24
15 89
16 33
16 67
16 41
16 75
16 52
17 92
17 18
17 46
18 34
18 71
18 72
18 77
18 95
19 90
19 92
19 37
19 39
20 48
20 58
20 84
20 29
21 50
21 35
22 46
22 48
22 74
23 33
23 36
23 42
23 83
23 84
23 30
24 91
24 41
24 51
25 88
25 57
25 37
26 65
26 74
26 75
26 31
26 63
27 49
27 55
27 57
27 94
28 31
29 40
29 69
30 65
30 40
30 53
30 86
30 62
31 76
31 60
31 59
32 63
33 51
34 96
34 85
34 47
35 59
36 66
36 42
36 43
36 82
36 53
36 56
37 64
37 38
37 71
37 40
37 87
37 77
37 57
38 72
38 76
38 47
38 91
39 45
40 70
40 85
40 89
41 52
42 99
42 73
42 47
43 54
43 70
43 86
43 89
44 67
44 63
45 88
46 47
47 73
47 92
47 93
48 70
48 71
48 80
48 82
49 90
49 87
50 93
51 99
51 71
51 82
51 90
52 80
52 68
52 71
52 62
53 98
53 79
53 54
53 91
53 62
53 95
54 96
54 65
55 90
55 93
55 63
57 95
58 64
58 84
59 71
60 93
61 72
61 81
62 85
63 84
65 74
65 88
66 98
66 68
66 83
66 86
67 75
67 84
68 96
68 69
68 87
69 77
70 75
70 81
71 94
72 76
72 79
73 97
73 98
73 77
73 80
73 85
74 95
75 92
76 98
78 95
84 93
86 87
88 94
90 96
94 97
