0 40
0 49
0 82
0 70
0 23
1 48
1 62
2 93
2 83
2 52
2 53
2 88
2 90
2 29
2 62
3 99
3 5
3 75
3 44
3 50
3 94
3 29
3 30
4 60
4 77
4 54
4 15
5 74
5 78
5 83
5 55
5 60
5 29
6 88
6 17
6 77
6 30
6 85
7 33
7 11
7 75
7 81
7 55
7 24
7 63
8 33
8 66
8 41
8 13
8 78
8 94
9 71
9 75
9 76
9 15
9 52
9 89
9 92
10 80
10 65
10 58
10 84
10 82
11 58
11 98
11 38
12 97
12 28
13 65
13 76
13 14
13 40
13 18
13 28
14 32
14 69
14 22
14 23
14 62
15 66
15 81
15 94
15 26
15 30
16 38
16 30
16 71
17 87
17 37
17 55
18 98
18 74
18 48
18 81
18 85
18 24
18 31
19 40
19 58
20 72
20 75
20 59
21 50
21 94
21 78
21 22
21 23
22 34
22 71
22 76
22 29
23 32
23 57
23 89
24 48
24 93
24 46
25 41
25 95
25 28
25 47
26 67
26 59
26 36
26 77
27 48
27 91
27 85
28 65
28 99
28 71
28 91
28 92
29 68
29 95
30 97
30 75
30 91
30 63
31 90
31 58
32 97
32 44
33 37
33 73
33 44
33 59
34 75
34 36
34 46
35 49
35 92
35 78
36 87
37 54
38 40
39 72
39 85
40 99
40 68
40 76
40 55
40 93
41 67
41 99
41 58
41 91
42 97
42 93
43 96
43 81
43 66
43 78
44 98
44 64
44 76
44 78
45 56
46 77
46 81
46 84
46 54
48 96
48 65
49 51
49 75
49 79
50 88
51 90
51 62
51 57
53 58
53 79
54 73
54 77
54 79
54 84
55 59
56 74
57 73
58 87
58 89
60 67
60 77
61 67
62 89
63 81
63 95
64 70
64 71
64 72
64 74
64 90
65 93
65 85
65 74
66 72
70 96
72 73
72 74
72 98
72 87
73 97
73 88
74 86
75 79
75 89
77 99
77 89
77 90
78 97
78 85
79 89
79 94
81 97
81 90
83 89
84 87
85 87
94 99
