0 3
0 44
0 21
0 55
1 17
1 83
1 89
1 81
1 15
2 41
2 13
2 71
3 10
3 68
3 29
4 64
4 27
4 37
4 76
4 99
4 91
4 29
5 66
5 68
5 7
5 13
5 53
5 58
5 26
6 70
6 73
6 13
6 14
6 30
6 63
7 8
7 83
7 11
8 68
8 21
9 72
9 66
9 12
10 89
10 78
10 14
11 56
11 57
11 66
11 45
12 81
12 70
12 22
12 39
13 67
13 73
13 53
13 22
13 24
13 54
13 70
13 62
13 37
14 90
14 18
15 65
15 16
15 20
15 86
15 60
16 98
16 21
16 54
16 23
16 27
16 61
17 72
17 92
17 29
18 48
18 41
19 78
20 49
20 90
20 60
20 37
21 87
21 81
21 85
21 40
21 27
22 36
22 67
22 38
23 72
23 76
23 97
24 62
24 30
25 50
25 69
25 47
27 71
27 51
27 29
27 31
28 65
28 36
28 31
29 74
29 44
30 92
31 35
31 41
32 96
32 33
32 36
32 86
32 46
33 41
33 73
33 55
34 48
34 57
34 58
34 94
34 72
35 98
35 37
35 51
35 61
35 95
37 97
37 43
37 88
38 96
38 66
38 70
38 71
38 43
38 44
38 84
38 95
39 60
39 75
39 67
39 71
40 66
40 44
41 84
41 86
41 93
41 62
42 73
42 53
42 54
42 55
42 90
42 92
42 62
43 77
43 83
43 57
43 58
44 53
44 61
44 95
45 47
48 98
48 99
48 69
48 59
49 57
49 51
49 62
49 81
50 80
50 52
51 74
51 79
51 87
51 93
52 61
52 93
52 69
53 88
54 80
54 85
55 56
56 65
56 90
56 77
59 72
59 80
61 66
61 75
62 69
63 73
63 85
64 88
64 83
64 86
65 82
65 77
66 97
66 68
66 87
66 88
66 94
67 81
67 69
68 90
69 88
69 91
70 80
70 86
71 97
72 98
72 93
73 98
73 86
74 88
74 86
76 96
76 85
77 91
79 89
81 99
81 89
84 87
88 90
90 93
91 94
93 99
98 99
