 .. .. 2.97010101010101 
 40 45 2.953939393939394 
 40 7 2.938181818181818 
 32 40 2.922020202020202 
 54 3 2.908080808080808 
 77 3 2.8937373737373737 
 40 48 2.8795959595959597 
 40 79 2.8648484848484848 
 40 71 2.850909090909091 
 40 66 2.8371717171717172 
 26 40 2.823838383838384 
 98 40 2.80989898989899 
 40 68 2.797171717171717 
 34 40 2.784646464646465 
 40 60 2.772121212121212 
 35 40 2.759191919191919 
 36 40 2.7458585858585858 
 40 8 2.732727272727273 
 78 40 2.7206060606060607 
 93 40 2.7084848484848485 
 40 41 2.696161616161616 
 38 40 2.684242424242424 
 40 49 2.6725252525252525 
 50 40 2.6606060606060606 
 30 40 2.649090909090909 
 92 40 2.637979797979798 
 37 40 2.6272727272727274 
 81 40 2.6163636363636362 
 40 47 2.6054545454545455 
 82 40 2.5945454545454547 
 87 40 2.5842424242424245 
 40 43 2.5739393939393937 
 62 40 2.563838383838384 
 6 40 2.5539393939393937 
 97 40 2.543838383838384 
 86 40 2.533737373737374 
 16 40 2.5234343434343436 
 75 40 2.512929292929293 
 23 40 2.5026262626262628 
 76 40 2.4923232323232325 
 54 40 2.4820202020202022 
 89 40 2.4715151515151517 
 72 40 2.4612121212121214 
 11 40 2.4509090909090907 
 73 40 2.4404040404040406 
 57 40 2.4301010101010103 
 67 40 2.4195959595959597 
 15 40 2.4092929292929295 
 40 44 2.398989898989899 
 40 46 2.3884848484848487 
 18 40 2.377979797979798 
