 .. .. 3.0915151515151513 
 45 89 3.062222222222222 
 61 78 3.0391919191919192 
 47 89 3.0171717171717174 
 3 10 2.997777777777778 
 89 96 2.9812121212121214 
 69 77 2.966060606060606 
 86 89 2.9515151515151516 
 61 89 2.937979797979798 
 87 89 2.924040404040404 
 38 89 2.9101010101010103 
 80 89 2.895959595959596 
 33 89 2.8808080808080807 
 12 89 2.8666666666666667 
 89 95 2.8523232323232324 
 27 89 2.8385858585858585 
 72 89 2.824646464646465 
 82 89 2.8107070707070707 
 42 89 2.7967676767676766 
 68 89 2.7836363636363637 
 56 89 2.7707070707070707 
 50 89 2.7577777777777777 
 1 89 2.745050505050505 
 89 92 2.732121212121212 
 48 89 2.7187878787878788 
 52 89 2.707272727272727 
 59 89 2.695757575757576 
 57 89 2.6840404040404042 
 39 89 2.672323232323232 
 14 89 2.6606060606060606 
 70 89 2.648888888888889 
 19 89 2.637171717171717 
 25 89 2.625656565656566 
 43 89 2.6145454545454547 
 67 89 2.6032323232323233 
 16 89 2.5927272727272728 
 69 89 2.582222222222222 
 37 89 2.5717171717171716 
 36 89 2.561212121212121 
 51 89 2.550707070707071 
 60 89 2.5402020202020203 
 31 89 2.5296969696969698 
 35 89 2.519191919191919 
 66 89 2.5084848484848483 
 53 89 2.497979797979798 
 4 89 2.4874747474747476 
 21 89 2.4767676767676767 
 26 89 2.4664646464646465 
 88 89 2.455959595959596 
 89 91 2.4452525252525255 
 17 89 2.434747474747475 
