0 81
0 58
0 76
0 69
0 6
1 40
1 34
1 59
1 21
2 73
2 77
2 78
2 79
2 59
2 29
2 95
3 72
3 10
3 85
4 42
4 91
4 77
4 71
5 83
5 21
5 62
5 7
6 52
6 39
7 18
7 53
7 22
7 23
7 94
8 24
8 17
8 85
8 25
9 74
9 98
10 38
10 76
10 52
10 85
10 89
10 30
11 99
11 69
11 40
11 23
11 46
11 87
11 90
12 56
12 93
12 71
13 65
13 44
13 85
14 72
14 29
14 46
15 67
15 47
15 17
15 82
15 19
15 56
15 27
16 97
16 61
16 84
16 22
16 26
16 90
17 96
17 66
17 81
17 73
17 43
17 98
17 49
17 59
18 66
18 37
18 71
18 76
18 44
18 23
18 87
18 92
19 32
19 71
19 72
19 23
19 57
19 59
20 32
20 39
21 56
21 49
22 81
22 75
22 63
23 82
23 54
23 71
23 62
24 88
24 83
24 28
25 70
25 71
25 75
25 76
25 26
25 28
26 48
26 42
26 82
26 81
26 50
26 58
26 95
27 48
27 68
27 36
27 69
28 32
28 97
28 42
28 54
28 90
29 59
29 66
30 53
31 48
31 89
31 98
32 65
33 50
33 51
33 86
33 53
33 78
34 97
35 64
35 73
35 67
35 77
36 63
37 40
37 72
38 96
38 65
38 92
39 76
39 80
39 81
39 86
40 71
40 53
40 88
40 58
41 52
42 52
42 54
42 62
43 67
43 93
43 65
43 47
44 48
44 90
44 85
45 90
46 97
46 75
46 50
46 51
46 85
47 99
47 81
47 53
47 90
48 76
48 77
48 49
48 62
49 68
49 69
49 51
49 56
49 88
50 86
50 66
51 68
51 62
52 78
53 55
54 99
54 71
54 89
54 90
55 66
55 95
56 65
56 94
57 70
58 85
59 92
59 80
59 90
59 60
60 64
60 66
61 69
61 77
62 66
62 92
63 72
63 76
64 70
65 98
65 80
66 70
66 72
67 70
67 72
67 91
68 99
68 69
68 94
69 82
71 97
71 76
71 75
71 94
72 84
73 84
73 82
75 76
75 87
76 92
76 93
76 94
78 80
78 91
78 94
79 83
79 82
79 94
80 91
81 94
82 90
84 99
85 99
86 90
88 92
88 94
89 92
90 91
91 97
94 97
