 .. .. 3.1806060606060607 
 66 19 3.1284848484848484 
 32 66 3.0991919191919193 
 47 13 3.0733333333333333 
 65 66 3.049292929292929 
 66 30 3.024040404040404 
 89 66 3.0014141414141413 
 50 66 2.9773737373737372 
 48 66 2.9567676767676767 
 85 66 2.9383838383838383 
 60 66 2.9206060606060604 
 45 66 2.9042424242424243 
 92 66 2.8886868686868685 
 41 66 2.872929292929293 
 46 66 2.8567676767676766 
 78 66 2.8408080808080807 
 82 66 2.8252525252525253 
 3 66 2.81010101010101 
 10 66 2.794949494949495 
 7 66 2.78020202020202 
 26 66 2.7656565656565655 
 33 66 2.750909090909091 
 75 66 2.7375757575757578 
 29 66 2.7246464646464648 
 79 66 2.7115151515151514 
 25 66 2.6987878787878787 
 28 66 2.6862626262626264 
 59 66 2.6737373737373735 
 39 66 2.6614141414141415 
 57 66 2.6492929292929293 
 36 66 2.637171717171717 
 47 66 2.624848484848485 
 63 66 2.612929292929293 
 34 66 2.601212121212121 
 8 66 2.58969696969697 
 23 66 2.578181818181818 
 55 66 2.566666666666667 
 96 66 2.554949494949495 
 18 66 2.5434343434343436 
 24 66 2.5317171717171716 
 80 66 2.5202020202020203 
 95 66 2.5086868686868686 
 58 66 2.4971717171717174 
 77 66 2.4856565656565657 
 76 66 2.474141414141414 
 83 66 2.4626262626262627 
 56 66 2.451111111111111 
 1 66 2.4395959595959598 
 84 66 2.428080808080808 
 14 66 2.4165656565656564 
 12 66 2.405050505050505 
