 .. .. 2.9452525252525255 
 71 74 2.9012121212121214 
 41 71 2.881010101010101 
 64 76 2.8646464646464644 
 9 71 2.8507070707070707 
 76 83 2.8371717171717172 
 17 52 2.8256565656565655 
 45 76 2.814343434343434 
 76 55 2.8034343434343434 
 34 76 2.791919191919192 
 20 76 2.78020202020202 
 61 76 2.7684848484848485 
 76 57 2.756969696969697 
 14 76 2.7456565656565655 
 76 73 2.733939393939394 
 38 76 2.721616161616162 
 36 76 2.709090909090909 
 33 76 2.697171717171717 
 21 76 2.6858585858585857 
 31 76 2.6743434343434345 
 35 76 2.663030303030303 
 76 99 2.6517171717171717 
 30 76 2.6404040404040403 
 6 76 2.6292929292929292 
 13 76 2.617979797979798 
 76 96 2.6076767676767676 
 3 76 2.5975757575757576 
 76 67 2.5874747474747473 
 76 95 2.5773737373737373 
 74 76 2.5676767676767676 
 24 76 2.558181818181818 
 37 76 2.5484848484848484 
 60 76 2.538989898989899 
 5 76 2.5296969696969698 
 76 87 2.5202020202020203 
 76 86 2.510707070707071 
 42 76 2.501212121212121 
 9 76 2.4917171717171716 
 29 76 2.482222222222222 
 32 76 2.4727272727272727 
 76 84 2.463232323232323 
 76 79 2.4537373737373738 
 76 89 2.4442424242424243 
 1 76 2.434747474747475 
 41 76 2.425050505050505 
 76 98 2.4153535353535354 
 76 77 2.4056565656565656 
 12 76 2.395959595959596 
 70 76 2.386060606060606 
 27 76 2.376161616161616 
 58 76 2.366060606060606 
