0 64
0 97
0 13
0 80
0 24
0 61
0 95
1 64
1 3
1 41
1 12
1 76
1 84
1 85
1 56
1 27
1 92
2 33
2 98
2 91
2 39
2 42
2 11
2 18
2 57
2 27
3 4
3 70
3 6
3 40
3 12
3 23
3 90
3 30
4 73
4 43
4 53
4 58
4 94
4 85
5 69
5 38
5 71
5 44
5 12
5 52
5 28
6 83
6 34
7 27
7 72
7 82
7 20
7 59
7 92
8 80
8 75
8 59
9 32
9 99
9 69
9 14
9 83
9 25
10 99
10 68
10 42
10 81
10 21
10 90
10 28
10 61
10 94
11 21
11 53
12 15
12 86
12 93
13 83
13 16
13 18
13 19
13 59
14 78
14 82
14 53
14 25
14 26
15 65
15 93
15 62
15 31
16 24
16 88
16 96
17 25
17 66
17 68
17 53
17 93
18 58
18 68
19 40
19 33
19 88
20 67
20 84
20 53
20 62
21 65
21 38
21 40
21 49
21 26
21 63
22 40
22 81
23 64
23 74
23 60
24 67
24 40
24 46
24 99
24 53
24 29
25 44
25 80
25 56
25 88
25 58
25 28
25 61
26 50
26 38
27 74
27 47
27 80
28 96
28 33
28 38
28 82
29 99
29 69
29 40
29 86
29 91
30 35
31 73
31 79
31 55
31 59
31 93
33 47
33 52
33 61
34 84
35 51
36 89
36 42
36 52
36 37
36 39
37 99
37 54
38 72
38 76
38 58
39 74
39 75
39 54
39 56
39 63
40 51
40 42
40 88
40 74
40 55
41 53
42 87
43 68
43 91
44 64
44 70
44 71
45 85
46 88
46 74
46 83
47 84
47 95
48 61
49 86
50 70
51 65
51 87
51 89
51 95
52 99
52 94
53 90
55 87
55 75
56 70
56 72
56 93
57 64
57 84
57 78
58 68
58 84
59 70
60 64
60 81
60 96
61 64
61 99
61 73
62 79
62 75
62 63
63 83
63 86
64 84
64 90
64 94
65 66
65 69
67 68
67 75
69 77
69 89
70 96
71 80
73 98
74 84
76 90
77 91
77 87
78 88
79 97
80 93
83 93
84 85
84 95
85 95
86 94
86 95
89 95
90 97
91 93
95 96
