 .. .. 3.076969696969697 
 63 73 3.051919191919192 
 21 37 3.029292929292929 
 15 63 3.009292929292929 
 28 37 2.9927272727272727 
 67 37 2.9757575757575756 
 37 3 2.958787878787879 
 37 10 2.9434343434343435 
 81 37 2.927070707070707 
 36 37 2.911919191919192 
 32 37 2.896161616161616 
 9 37 2.8824242424242423 
 37 65 2.8686868686868685 
 50 37 2.8545454545454545 
 12 29 2.8414141414141416 
 37 58 2.829090909090909 
 37 45 2.8163636363636364 
 14 37 2.8034343434343434 
 83 37 2.7905050505050504 
 97 37 2.7773737373737375 
 6 37 2.7656565656565655 
 78 37 2.7537373737373736 
 51 37 2.742020202020202 
 17 37 2.73010101010101 
 61 37 2.717979797979798 
 37 53 2.7064646464646467 
 93 37 2.6943434343434345 
 37 44 2.6824242424242426 
 35 37 2.6707070707070706 
 85 37 2.6591919191919193 
 0 37 2.6476767676767676 
 56 37 2.6365656565656566 
 69 37 2.6254545454545455 
 37 49 2.6143434343434344 
 88 37 2.603030303030303 
 8 37 2.5917171717171716 
 89 37 2.5802020202020204 
 37 39 2.569090909090909 
 60 37 2.5583838383838384 
 20 37 2.5476767676767675 
 13 37 2.537171717171717 
 79 37 2.5264646464646465 
 33 37 2.515959595959596 
 92 37 2.505252525252525 
 99 37 2.4945454545454546 
 7 37 2.4838383838383837 
 37 46 2.4731313131313133 
 91 37 2.462222222222222 
 16 37 2.4515151515151516 
 55 37 2.4408080808080808 
 37 41 2.4301010101010103 
