0 64
0 5
0 42
0 43
0 48
0 88
0 52
0 56
1 64
1 33
1 98
1 70
1 11
1 78
1 59
2 71
2 40
2 11
2 14
2 50
2 24
2 25
2 62
3 99
3 74
3 12
3 59
3 28
3 29
4 10
4 18
4 62
4 85
5 81
5 67
5 14
5 47
6 75
6 19
6 60
7 72
7 62
7 39
8 74
8 78
8 80
8 91
8 28
8 93
8 62
9 87
9 45
9 53
10 84
10 19
10 20
10 52
10 26
10 36
11 71
11 80
11 28
11 93
11 94
12 24
12 85
12 23
13 42
13 45
13 46
13 53
13 54
13 30
14 67
14 73
14 76
14 47
14 82
14 85
14 27
15 99
15 68
15 55
15 47
15 48
15 87
16 92
17 43
17 22
17 70
17 75
17 54
17 56
18 36
18 66
18 63
19 89
19 38
19 93
20 23
21 80
21 66
21 43
21 48
21 82
21 92
21 31
22 90
22 35
22 53
22 23
23 76
23 78
23 94
23 25
23 62
24 32
24 65
24 47
24 51
24 85
25 64
25 74
25 53
26 96
26 74
26 78
27 69
27 70
27 45
27 81
27 58
27 28
28 71
28 58
29 89
29 77
30 50
30 94
30 70
30 79
31 74
31 86
31 95
32 94
32 60
32 69
32 62
33 36
33 79
34 48
34 44
34 78
35 59
36 59
36 82
37 98
37 99
37 52
37 54
37 57
37 61
39 48
39 56
39 51
40 41
40 48
40 51
40 53
40 86
40 56
40 57
41 49
41 94
41 88
41 63
42 97
42 66
42 98
42 48
42 92
42 94
43 78
43 79
43 92
44 67
44 45
44 62
44 87
45 79
46 49
46 71
46 86
46 47
47 96
47 76
47 81
47 62
49 75
49 67
49 69
50 69
50 73
50 98
50 79
50 84
51 79
51 65
52 82
53 64
53 66
53 85
53 94
54 67
54 94
55 65
56 76
56 77
56 90
56 92
57 95
58 65
58 63
59 74
60 61
62 85
63 85
63 81
65 86
65 93
65 95
66 82
66 78
66 88
67 95
68 92
69 81
70 79
70 89
71 79
71 90
73 80
74 82
74 83
75 96
75 97
75 94
76 80
77 82
78 96
78 82
79 80
80 86
82 86
89 90
89 95
