 .. .. 3.0094949494949494 
 42 19 2.9882828282828284 
 94 72 2.968080808080808 
 94 74 2.9505050505050505 
 62 16 2.934141414141414 
 62 37 2.917979797979798 
 38 62 2.9024242424242424 
 94 15 2.8874747474747475 
 82 60 2.8737373737373737 
 59 62 2.8608080808080807 
 10 15 2.8486868686868685 
 74 45 2.836969696969697 
 58 42 2.8256565656565655 
 56 10 2.8147474747474748 
 91 94 2.804040404040404 
 89 62 2.7937373737373736 
 49 10 2.783838383838384 
 35 15 2.7741414141414142 
 15 79 2.7636363636363637 
 61 15 2.752929292929293 
 83 62 2.743232323232323 
 88 62 2.7333333333333334 
 97 62 2.7234343434343433 
 50 62 2.714141414141414 
 6 62 2.7046464646464647 
 62 65 2.6945454545454544 
 92 62 2.6846464646464647 
 29 62 2.6745454545454543 
 9 62 2.665050505050505 
 62 69 2.6551515151515153 
 33 62 2.645656565656566 
 62 21 2.6363636363636362 
 62 18 2.6272727272727274 
 20 62 2.618585858585859 
 57 62 2.6098989898989897 
 62 72 2.6014141414141414 
 62 64 2.592929292929293 
 84 62 2.5842424242424245 
 39 62 2.5755555555555554 
 87 62 2.566666666666667 
 62 22 2.557979797979798 
 62 63 2.5490909090909093 
 91 62 2.5402020202020203 
 55 62 2.5313131313131314 
 96 62 2.5224242424242425 
 62 68 2.5135353535353535 
 77 62 2.5044444444444443 
 62 73 2.4953535353535354 
 46 62 2.486262626262626 
 60 62 2.4771717171717174 
 3 62 2.4682828282828284 
