 .. .. 2.8741414141414143 
 68 76 2.852929292929293 
 23 28 2.8385858585858585 
 28 2 2.8248484848484847 
 72 28 2.8125252525252527 
 94 28 2.79979797979798 
 92 28 2.787272727272727 
 83 28 2.773939393939394 
 70 28 2.7618181818181817 
 3 28 2.7492929292929293 
 28 42 2.7381818181818183 
 28 82 2.7274747474747474 
 87 28 2.716969696969697 
 58 28 2.7062626262626264 
 0 28 2.695959595959596 
 28 48 2.685656565656566 
 28 32 2.675353535353535 
 14 28 2.665050505050505 
 28 38 2.6547474747474746 
 50 28 2.6446464646464647 
 4 28 2.6347474747474746 
 77 28 2.6244444444444444 
 28 34 2.6147474747474746 
 90 28 2.6054545454545455 
 28 43 2.5961616161616163 
 53 28 2.5868686868686868 
 89 28 2.5775757575757576 
 15 28 2.5684848484848484 
 60 28 2.5591919191919192 
 54 28 2.54989898989899 
 56 28 2.5406060606060605 
 28 31 2.5315151515151517 
 71 28 2.522222222222222 
 79 28 2.5127272727272727 
 57 28 2.5034343434343436 
 68 28 2.494141414141414 
 98 28 2.4846464646464645 
 11 28 2.4753535353535354 
 91 28 2.465858585858586 
 93 28 2.4563636363636365 
 96 28 2.446868686868687 
 9 28 2.4375757575757575 
 74 28 2.4282828282828284 
 28 37 2.418989898989899 
 28 49 2.4096969696969697 
 88 28 2.4004040404040405 
 63 28 2.391111111111111 
 69 28 2.3816161616161615 
 27 28 2.372121212121212 
 28 29 2.3624242424242423 
 65 28 2.3527272727272726 
