 .. .. 3.1391919191919193 
 49 88 3.1175757575757577 
 29 92 3.0973737373737373 
 47 60 3.078181818181818 
 47 72 3.058989898989899 
 28 47 3.0387878787878786 
 47 76 3.0202020202020203 
 88 55 3.0038383838383838 
 58 70 2.988080808080808 
 29 96 2.9735353535353535 
 54 88 2.9602020202020203 
 9 47 2.9472727272727273 
 47 74 2.933333333333333 
 47 66 2.918787878787879 
 47 90 2.904040404040404 
 4 47 2.8905050505050505 
 33 47 2.876161616161616 
 40 47 2.862020202020202 
 30 47 2.8478787878787877 
 5 47 2.832929292929293 
 46 47 2.818787878787879 
 59 47 2.8056565656565655 
 47 77 2.792727272727273 
 15 47 2.77979797979798 
 18 47 2.7662626262626264 
 43 47 2.7533333333333334 
 47 98 2.7406060606060607 
 47 86 2.727878787878788 
 19 47 2.7145454545454544 
 47 83 2.701616161616162 
 2 47 2.6894949494949496 
 10 47 2.6773737373737374 
 24 47 2.6662626262626263 
 27 47 2.6551515151515153 
 99 47 2.643838383838384 
 37 47 2.632727272727273 
 22 47 2.6216161616161617 
 62 47 2.6107070707070705 
 7 47 2.5995959595959595 
 57 47 2.5886868686868687 
 14 47 2.577979797979798 
 47 81 2.5672727272727274 
 47 48 2.556767676767677 
 26 47 2.5462626262626262 
 71 47 2.5357575757575757 
 17 47 2.525252525252525 
 44 47 2.514747474747475 
 3 47 2.5042424242424244 
 50 47 2.4935353535353535 
 64 47 2.4828282828282826 
 41 47 2.4723232323232325 
