0 8
0 75
0 56
0 57
0 60
0 62
1 26
2 76
2 21
2 6
3 74
4 32
4 49
4 94
4 38
5 42
5 98
6 11
6 12
6 47
6 21
6 63
7 48
7 77
7 79
8 42
8 14
8 82
8 53
8 74
8 30
9 17
9 59
9 85
9 47
10 86
10 29
10 78
10 95
11 99
11 77
11 50
11 86
11 23
13 48
13 39
14 87
15 80
15 90
15 85
15 70
16 78
16 46
16 38
16 85
17 23
18 33
18 29
18 94
18 71
19 70
19 31
20 59
20 38
20 23
21 59
21 62
21 95
22 66
22 45
23 46
23 31
24 42
24 66
24 37
25 60
25 69
26 72
26 66
26 73
27 48
28 85
29 96
29 47
29 55
29 31
30 59
30 43
30 55
32 64
32 99
32 85
33 50
34 50
34 62
35 67
36 83
36 59
37 45
38 70
38 77
38 88
39 84
39 73
39 52
39 53
40 42
40 43
41 72
41 86
42 98
42 67
42 43
42 85
43 92
43 52
44 46
45 94
46 65
46 85
48 57
48 87
49 91
49 87
49 71
50 91
50 61
51 82
52 93
53 80
53 82
54 65
55 80
56 99
56 87
57 77
58 99
58 78
59 79
60 98
60 95
60 89
61 87
61 90
61 63
62 64
62 70
63 99
63 67
63 77
67 97
67 84
68 72
69 91
69 92
71 81
73 80
76 91
77 87
78 93
80 88
80 92
82 98
82 85
84 91
84 93
85 87
97 99
98 99
