 .. .. 3.99959595959596 
 62 77 3.917979797979798 
 49 77 3.851717171717172 
 77 91 3.787272727272727 
 5 77 3.7191919191919194 
 75 77 3.6658585858585857 
 77 85 3.6187878787878787 
 70 77 3.5757575757575757 
 64 77 3.5357575757575757 
 58 77 3.497777777777778 
 68 77 3.46 
 77 94 3.422222222222222 
 35 77 3.3882828282828283 
 25 77 3.354747474747475 
 37 77 3.3216161616161615 
 9 77 3.287878787878788 
 66 77 3.2547474747474747 
 8 77 3.2224242424242426 
 39 77 3.1907070707070706 
 77 93 3.1591919191919193 
 77 87 3.1272727272727274 
 3 77 3.095959595959596 
 59 77 3.0707070707070705 
 71 77 3.0472727272727274 
 31 77 3.0274747474747477 
 77 83 3.0082828282828284 
 21 77 2.989292929292929 
 72 77 2.9705050505050505 
 1 77 2.952121212121212 
 26 77 2.933939393939394 
 29 77 2.9157575757575755 
 56 77 2.8975757575757575 
 76 77 2.8793939393939394 
 53 77 2.8614141414141416 
 54 77 2.8434343434343434 
 74 77 2.8254545454545457 
 19 77 2.8076767676767678 
 77 92 2.78989898989899 
 17 77 2.7723232323232323 
 30 77 2.754949494949495 
 77 84 2.7375757575757578 
 15 77 2.721212121212121 
 23 77 2.704848484848485 
 73 77 2.688686868686869 
 0 77 2.672727272727273 
 22 77 2.656767676767677 
 77 81 2.640808080808081 
 33 77 2.625252525252525 
 77 80 2.60969696969697 
 36 77 2.594141414141414 
 27 77 2.5785858585858588 
