 .. .. 3.8634343434343434 
 26 85 3.7723232323232323 
 18 85 3.7222222222222223 
 83 85 3.675959595959596 
 85 6 3.6298989898989897 
 60 85 3.584848484848485 
 3 85 3.54040404040404 
 45 85 3.4961616161616162 
 48 85 3.4537373737373738 
 72 85 3.4125252525252527 
 85 91 3.370909090909091 
 29 85 3.3323232323232324 
 52 85 3.2965656565656567 
 54 85 3.2606060606060607 
 81 85 3.227878787878788 
 59 85 3.1973737373737374 
 70 85 3.1703030303030304 
 67 85 3.1432323232323234 
 75 85 3.1173737373737374 
 80 85 3.0925252525252525 
 41 85 3.069292929292929 
 58 85 3.0468686868686867 
 34 85 3.0242424242424244 
 68 85 3.0056565656565657 
 1 85 2.987070707070707 
 22 85 2.9686868686868686 
 44 85 2.950707070707071 
 51 85 2.932929292929293 
 65 85 2.915151515151515 
 37 85 2.8975757575757575 
 27 85 2.88020202020202 
 85 89 2.863030303030303 
 12 85 2.846060606060606 
 85 96 2.829090909090909 
 35 85 2.8123232323232323 
 66 85 2.7955555555555556 
 17 85 2.779191919191919 
 36 85 2.7626262626262625 
 74 85 2.7462626262626264 
 19 85 2.73010101010101 
 13 85 2.714141414141414 
 25 85 2.6983838383838386 
 76 85 2.6824242424242426 
 5 85 2.6666666666666665 
 40 85 2.650909090909091 
 64 85 2.6351515151515152 
 71 85 2.6193939393939396 
 79 85 2.6036363636363635 
 85 90 2.587878787878788 
 73 85 2.5721212121212123 
 85 94 2.556363636363636 
