 .. .. 4.2585858585858585 
 34 90 4.173939393939394 
 0 9 4.09939393939394 
 88 90 4.037575757575757 
 90 93 3.972929292929293 
 90 12 3.906868686868687 
 33 90 3.845050505050505 
 19 90 3.7888888888888888 
 7 90 3.7387878787878788 
 58 90 3.685656565656566 
 10 90 3.6315151515151514 
 74 90 3.580808080808081 
 78 90 3.528080808080808 
 61 90 3.475151515151515 
 60 90 3.4315151515151516 
 80 90 3.3933333333333335 
 56 90 3.3575757575757574 
 63 90 3.3216161616161615 
 27 90 3.284646464646465 
 43 90 3.250909090909091 
 49 90 3.2177777777777776 
 90 99 3.1852525252525252 
 54 90 3.1543434343434344 
 17 90 3.124040404040404 
 52 90 3.0961616161616163 
 86 90 3.0682828282828285 
 66 90 3.046060606060606 
 69 90 3.026666666666667 
 51 90 3.0074747474747476 
 5 90 2.9884848484848483 
 72 90 2.9694949494949494 
 68 90 2.950707070707071 
 57 90 2.9323232323232324 
 35 90 2.9143434343434342 
 23 90 2.8963636363636365 
 79 90 2.8783838383838383 
 90 91 2.8604040404040405 
 15 90 2.8426262626262626 
 31 90 2.825050505050505 
 53 90 2.8074747474747475 
 62 90 2.78989898989899 
 81 90 2.7723232323232323 
 1 90 2.7551515151515154 
 11 90 2.7377777777777776 
 55 90 2.7206060606060607 
 59 90 2.7034343434343433 
 13 90 2.6866666666666665 
 18 90 2.6698989898989898 
 32 90 2.6533333333333333 
 41 90 2.636767676767677 
 24 90 2.6204040404040403 
