0 27
0 3
0 6
0 95
1 32
1 89
1 74
2 17
2 38
2 37
2 6
2 25
3 83
3 82
3 67
3 14
4 65
4 58
4 54
4 46
5 37
6 33
6 87
7 9
7 28
7 57
7 55
8 48
8 80
8 42
8 67
9 76
9 61
9 77
10 62
11 97
11 20
12 82
12 51
13 80
13 92
14 75
14 67
14 38
15 67
16 24
16 52
16 77
16 38
18 60
18 95
19 41
19 75
19 45
19 85
19 56
19 26
20 27
20 89
20 58
21 50
21 85
21 54
22 94
22 70
23 61
24 80
25 64
25 88
26 27
26 39
27 75
27 83
27 87
28 88
29 82
29 60
29 86
30 42
30 66
30 58
30 63
31 78
32 83
32 47
33 72
34 66
34 35
34 68
35 53
36 65
36 86
36 76
36 70
36 38
37 90
38 99
39 88
39 54
40 48
40 50
40 70
40 47
41 43
41 45
42 60
42 52
42 96
44 97
44 90
45 94
46 88
46 76
46 85
47 90
48 98
48 61
49 84
50 81
50 90
50 76
52 98
52 94
53 61
54 64
55 98
56 65
56 79
58 99
59 70
59 63
60 73
62 71
64 76
66 96
67 90
69 93
70 78
71 88
71 96
73 94
75 96
75 78
76 84
77 88
78 95
80 85
82 86
84 93
85 94
88 92
89 94
90 97
90 94
91 99
