 .. .. 3.86020202020202 
 14 54 3.7806060606060607 
 89 54 3.7214141414141415 
 86 54 3.665252525252525 
 40 54 3.6107070707070705 
 54 57 3.553737373737374 
 84 54 3.506060606060606 
 27 54 3.4575757575757575 
 0 54 3.411919191919192 
 18 54 3.3785858585858586 
 44 54 3.3452525252525254 
 22 54 3.3127272727272725 
 20 54 3.279191919191919 
 1 54 3.250909090909091 
 54 45 3.2224242424242426 
 81 54 3.195959595959596 
 54 62 3.17010101010101 
 10 54 3.145252525252525 
 54 70 3.12 
 33 54 3.094949494949495 
 54 58 3.0698989898989897 
 90 54 3.0446464646464646 
 16 54 3.022222222222222 
 54 55 3.00040404040404 
 54 71 2.9802020202020203 
 77 54 2.9612121212121214 
 6 54 2.9426262626262627 
 75 54 2.924040404040404 
 99 54 2.9054545454545453 
 35 54 2.887070707070707 
 80 54 2.8686868686868685 
 54 67 2.8505050505050504 
 52 54 2.833131313131313 
 92 54 2.8163636363636364 
 24 54 2.79979797979798 
 54 69 2.783232323232323 
 29 54 2.767272727272727 
 43 54 2.751313131313131 
 54 60 2.735353535353535 
 37 54 2.7195959595959596 
 5 54 2.703838383838384 
 54 73 2.6880808080808083 
 49 54 2.672323232323232 
 2 54 2.656767676767677 
 54 72 2.641010101010101 
 78 54 2.6254545454545455 
 83 54 2.6098989898989897 
 28 54 2.5945454545454547 
 97 54 2.5791919191919193 
 48 54 2.564040404040404 
 54 61 2.548888888888889 
