 .. .. 4.2402020202020205 
 54 57 4.14929292929293 
 46 49 4.082424242424242 
 34 49 4.024242424242424 
 49 52 3.965050505050505 
 71 49 3.9 
 49 62 3.8355555555555556 
 31 49 3.7874747474747474 
 43 49 3.7395959595959596 
 49 58 3.692121212121212 
 39 49 3.6422222222222222 
 49 77 3.598181818181818 
 47 49 3.553737373737374 
 91 49 3.5094949494949494 
 49 69 3.4654545454545453 
 59 49 3.4197979797979796 
 4 49 3.3745454545454545 
 84 49 3.3355555555555556 
 14 49 3.298383838383838 
 10 49 3.263838383838384 
 49 87 3.2303030303030305 
 49 68 3.196969696969697 
 49 72 3.165050505050505 
 2 49 3.133737373737374 
 96 49 3.1024242424242425 
 89 49 3.0725252525252524 
 30 49 3.047070707070707 
 9 49 3.021818181818182 
 16 49 3.0028282828282826 
 27 49 2.9838383838383837 
 98 49 2.964848484848485 
 0 49 2.946262626262626 
 40 49 2.927676767676768 
 94 49 2.909090909090909 
 26 49 2.890707070707071 
 15 49 2.872929292929293 
 21 49 2.8555555555555556 
 97 49 2.8381818181818184 
 55 49 2.8212121212121213 
 20 49 2.8044444444444445 
 64 49 2.7876767676767678 
 82 49 2.770909090909091 
 50 49 2.7541414141414142 
 81 49 2.7375757575757578 
 65 49 2.721010101010101 
 32 49 2.7044444444444444 
 41 49 2.687878787878788 
 8 49 2.6715151515151514 
 37 49 2.654949494949495 
 73 49 2.6385858585858584 
 70 49 2.6224242424242425 
