 .. .. 4.204242424242424 
 69 94 4.025050505050505 
 98 21 3.9525252525252523 
 11 21 3.8856565656565656 
 96 69 3.830909090909091 
 69 16 3.7775757575757574 
 40 69 3.721616161616162 
 77 69 3.663030303030303 
 69 22 3.6086868686868687 
 69 0 3.561212121212121 
 50 69 3.5135353535353535 
 64 69 3.4731313131313133 
 69 44 3.4331313131313133 
 29 69 3.3933333333333335 
 89 69 3.355151515151515 
 41 69 3.3195959595959597 
 69 71 3.2862626262626264 
 49 69 3.255353535353535 
 76 69 3.2252525252525253 
 59 69 3.1955555555555555 
 69 46 3.1664646464646466 
 5 69 3.137979797979798 
 69 7 3.109292929292929 
 75 69 3.0814141414141414 
 48 69 3.0539393939393937 
 47 69 3.027070707070707 
 15 69 3.001212121212121 
 79 69 2.976969696969697 
 58 69 2.957979797979798 
 69 78 2.938989898989899 
 83 69 2.92 
 38 69 2.9014141414141412 
 52 69 2.883030303030303 
 37 69 2.8646464646464644 
 90 69 2.8466666666666667 
 28 69 2.829090909090909 
 39 69 2.8115151515151515 
 54 69 2.7941414141414143 
 36 69 2.776969696969697 
 1 69 2.76 
 30 69 2.743232323232323 
 34 69 2.7264646464646463 
 69 70 2.7096969696969695 
 69 74 2.6929292929292927 
 93 69 2.676161616161616 
 4 69 2.66 
 14 69 2.643838383838384 
 69 73 2.6276767676767676 
 80 69 2.6115151515151513 
 26 69 2.5955555555555554 
 3 69 2.5797979797979798 
