0 33
0 70
1 41
2 58
2 76
3 96
3 18
3 53
4 25
4 18
4 85
4 57
5 26
5 43
5 28
6 38
7 36
7 9
7 46
7 81
7 87
7 26
8 88
8 95
8 13
8 22
8 63
9 16
9 11
9 44
9 94
10 15
11 18
11 91
11 46
11 39
12 26
12 21
12 46
13 73
13 48
13 82
13 57
13 30
14 75
14 52
14 45
15 40
15 64
15 50
15 18
16 23
17 96
17 27
17 76
18 98
18 74
18 23
19 82
19 44
19 63
20 39
21 41
21 87
21 47
21 31
22 64
22 42
22 83
22 53
22 62
23 45
24 40
24 72
24 87
25 44
25 57
26 51
26 54
26 55
27 60
27 78
27 95
28 62
29 66
29 70
30 81
30 87
31 54
32 59
32 51
32 68
32 62
32 87
33 73
33 59
34 59
34 54
35 89
36 99
36 69
36 54
37 49
37 84
38 48
38 65
38 54
39 88
39 68
40 72
40 88
40 53
40 58
41 48
41 42
41 84
42 87
42 65
43 84
43 61
44 76
44 50
44 85
44 93
45 96
45 92
46 84
46 71
47 82
47 76
47 54
47 61
49 57
49 63
50 71
51 98
51 74
52 72
53 97
54 65
54 91
54 94
55 63
56 85
56 62
56 95
57 79
58 60
59 69
59 64
60 78
61 74
62 91
62 93
64 66
64 79
64 90
66 97
66 94
66 87
67 94
68 89
68 93
68 78
70 88
71 96
77 86
78 92
79 96
80 89
86 97
