 .. .. 4.453131313131313 
 0 50 4.354141414141414 
 0 83 4.268080808080808 
 81 83 4.181010101010101 
 68 83 4.102020202020202 
 83 27 4.026868686868687 
 63 83 3.9608080808080808 
 21 83 3.901818181818182 
 26 83 3.843232323232323 
 82 83 3.78020202020202 
 43 83 3.726060606060606 
 83 3 3.675959595959596 
 83 96 3.6254545454545455 
 24 83 3.5753535353535355 
 71 83 3.53010101010101 
 17 83 3.484040404040404 
 7 83 3.4446464646464645 
 39 83 3.405858585858586 
 25 83 3.367070707070707 
 45 83 3.327272727272727 
 36 83 3.2896969696969696 
 2 83 3.2537373737373736 
 18 83 3.2173737373737374 
 54 83 3.1834343434343433 
 77 83 3.1521212121212123 
 32 83 3.1222222222222222 
 9 83 3.0927272727272728 
 52 83 3.0735353535353536 
 30 83 3.0547474747474745 
 1 83 3.0361616161616163 
 56 83 3.0173737373737373 
 29 83 2.998989898989899 
 61 83 2.9806060606060605 
 34 83 2.962828282828283 
 44 83 2.945050505050505 
 83 93 2.9272727272727272 
 48 83 2.9096969696969697 
 67 83 2.892121212121212 
 42 83 2.874747474747475 
 51 83 2.8573737373737376 
 69 83 2.84 
 83 98 2.8226262626262626 
 79 83 2.8054545454545456 
 40 83 2.7882828282828283 
 83 87 2.7711111111111113 
 47 83 2.7541414141414142 
 83 86 2.737171717171717 
 4 83 2.7204040404040404 
 23 83 2.7036363636363636 
 83 89 2.686868686868687 
 83 95 2.67010101010101 
