 .. .. 3.5927272727272728 
 61 91 3.554141414141414 
 2 32 3.517777777777778 
 87 48 3.4882828282828284 
 63 48 3.456969696969697 
 37 48 3.4252525252525254 
 88 48 3.391919191919192 
 62 48 3.363030303030303 
 58 48 3.3327272727272725 
 31 48 3.303030303030303 
 38 48 3.2723232323232323 
 76 48 3.2462626262626264 
 44 48 3.22 
 9 48 3.193131313131313 
 1 48 3.1662626262626263 
 67 48 3.138989898989899 
 26 48 3.1115151515151513 
 51 48 3.086060606060606 
 10 48 3.062626262626263 
 80 48 3.0387878787878786 
 21 48 3.0161616161616163 
 59 48 2.993333333333333 
 5 48 2.9703030303030302 
 99 48 2.9486868686868686 
 55 48 2.9284848484848487 
 13 48 2.90989898989899 
 28 48 2.892121212121212 
 42 48 2.8745454545454545 
 8 48 2.856969696969697 
 92 48 2.8393939393939394 
 57 48 2.8224242424242423 
 75 48 2.805858585858586 
 39 48 2.7894949494949497 
 15 48 2.7733333333333334 
 45 48 2.7573737373737375 
 78 48 2.7414141414141415 
 64 48 2.7256565656565654 
 69 48 2.70989898989899 
 14 48 2.6943434343434345 
 20 48 2.678989898989899 
 47 48 2.6636363636363636 
 25 48 2.6484848484848484 
 70 48 2.633131313131313 
 7 48 2.617979797979798 
 36 48 2.6028282828282827 
 52 48 2.5876767676767676 
 12 48 2.5727272727272728 
 23 48 2.557979797979798 
 46 48 2.5432323232323233 
 89 48 2.5284848484848483 
 0 48 2.513737373737374 
