0 26
0 85
0 95
1 84
2 99
2 68
2 46
2 36
2 27
2 60
2 29
3 32
3 62
3 22
4 48
4 73
4 74
5 97
5 43
5 77
5 49
5 50
5 52
5 24
5 29
6 32
6 40
6 64
6 71
7 49
7 66
7 45
8 40
8 79
9 40
9 57
9 74
9 35
9 89
10 64
10 72
10 83
10 30
10 47
11 72
11 41
11 29
11 78
12 40
12 49
13 91
13 53
14 58
14 61
15 76
15 69
16 73
16 99
16 37
16 31
17 72
17 97
17 58
17 55
18 48
18 65
18 36
19 82
19 38
20 40
20 80
21 25
21 93
22 65
22 98
22 82
22 84
22 53
22 93
22 95
23 59
23 27
23 81
23 73
24 91
24 71
25 98
25 31
26 43
27 76
27 61
28 33
28 54
29 96
29 82
29 85
29 93
30 48
31 90
31 45
31 71
32 51
32 63
33 48
34 56
34 96
34 99
34 85
35 53
35 89
35 49
37 92
37 60
37 61
37 39
38 97
38 74
38 53
38 56
38 94
39 80
40 48
40 41
41 96
41 75
41 48
41 72
41 60
42 66
43 74
44 54
46 85
47 91
47 87
48 66
48 50
48 81
48 85
48 95
52 62
53 86
53 73
53 83
54 74
54 63
55 61
56 96
56 86
59 60
61 79
61 84
63 98
63 93
65 72
65 94
65 90
66 91
66 78
67 86
68 88
68 94
69 89
69 95
70 90
70 76
71 84
72 85
72 86
73 90
74 77
74 79
76 85
77 90
79 89
79 84
80 82
86 91
