 .. .. 3.7775757575757574 
 99 3 3.7004040404040404 
 1 3 3.662020202020202 
 3 24 3.616969696969697 
 71 3 3.5743434343434344 
 48 3 3.5406060606060605 
 73 3 3.506666666666667 
 3 6 3.4735353535353535 
 86 3 3.442020202020202 
 3 12 3.409090909090909 
 3 10 3.3765656565656568 
 2 3 3.343232323232323 
 53 3 3.3135353535353533 
 62 3 3.284242424242424 
 3 18 3.2543434343434345 
 42 3 3.2240404040404043 
 33 3 3.1965656565656566 
 45 3 3.1703030303030304 
 3 19 3.144242424242424 
 66 3 3.118181818181818 
 89 3 3.0921212121212123 
 57 3 3.065858585858586 
 39 3 3.0406060606060605 
 25 3 3.0163636363636366 
 3 23 2.9955555555555557 
 58 3 2.974747474747475 
 3 8 2.9545454545454546 
 30 3 2.935151515151515 
 37 3 2.915959595959596 
 81 3 2.897373737373737 
 95 3 2.879191919191919 
 96 3 2.8614141414141416 
 88 3 2.844040404040404 
 94 3 2.8266666666666667 
 3 4 2.8096969696969696 
 32 3 2.792727272727273 
 75 3 2.7759595959595957 
 84 3 2.759191919191919 
 59 3 2.743030303030303 
 40 3 2.727272727272727 
 83 3 2.7117171717171717 
 28 3 2.696161616161616 
 56 3 2.681010101010101 
 90 3 2.665656565656566 
 47 3 2.6505050505050507 
 3 20 2.6355555555555554 
 70 3 2.6204040404040403 
 74 3 2.605252525252525 
 3 11 2.5905050505050506 
 76 3 2.5755555555555554 
 31 3 2.5606060606060606 
