0 85
1 5
2 89
2 59
3 46
4 18
4 87
4 85
4 47
5 24
5 86
6 37
6 42
6 44
6 46
6 16
6 23
7 67
7 77
7 46
7 82
7 57
7 61
8 36
9 75
9 11
9 93
9 54
9 55
10 65
10 91
10 51
11 26
11 77
11 87
12 58
12 67
12 22
13 59
13 68
13 69
14 77
14 31
15 49
15 83
16 40
16 86
16 39
17 72
17 91
18 32
18 44
18 85
19 35
20 41
20 71
20 67
20 94
20 39
21 75
22 58
22 93
23 91
24 64
24 90
25 43
25 27
25 60
25 79
27 38
27 33
28 34
28 35
28 82
28 70
29 87
30 75
30 87
32 73
32 90
32 70
33 48
33 49
34 69
34 40
34 86
34 88
34 58
35 92
35 49
35 61
36 52
36 62
37 99
37 91
37 84
38 94
38 62
39 69
39 95
40 89
40 83
40 99
41 48
41 44
41 43
41 59
42 67
42 71
43 90
43 99
43 89
44 87
45 72
45 77
47 60
47 98
47 71
48 80
48 50
48 94
49 74
50 89
50 85
50 78
51 61
51 94
52 64
52 88
52 67
53 91
55 86
55 79
56 68
57 71
57 77
57 93
59 65
59 82
59 85
60 82
61 79
62 89
62 66
63 82
63 93
64 80
64 83
65 95
65 68
65 71
66 88
66 73
67 99
67 69
68 98
68 96
69 70
70 81
70 90
71 99
76 93
77 96
77 97
78 89
78 94
79 97
81 86
82 85
85 98
