0 52
0 21
1 50
1 11
1 23
2 33
2 4
2 21
3 63
4 8
4 25
4 60
4 30
5 74
5 19
5 14
6 99
6 43
6 84
6 29
7 71
7 26
7 47
7 38
7 39
8 80
8 86
8 54
9 74
10 80
10 94
11 18
11 23
12 90
12 86
13 56
13 90
14 17
14 23
14 15
15 44
15 78
15 47
15 21
15 90
16 25
16 18
17 18
17 46
18 37
18 77
19 82
19 28
19 62
20 90
21 39
21 77
21 25
22 83
22 86
23 81
23 79
24 73
24 90
24 98
26 97
26 45
26 38
27 41
27 95
27 31
28 73
28 75
29 96
29 89
30 32
30 33
30 38
30 71
30 45
30 80
30 88
31 40
31 83
31 68
31 47
32 72
32 45
33 44
33 94
33 95
34 70
35 65
35 82
35 91
35 44
36 43
36 60
36 77
37 61
37 77
38 83
38 86
39 97
40 97
40 66
40 71
40 81
40 95
41 69
42 96
42 74
42 75
44 46
45 48
45 66
46 52
47 88
48 65
48 51
48 63
49 97
49 76
50 97
51 99
51 87
52 66
52 91
53 85
54 73
55 93
56 90
56 61
57 64
58 74
59 88
59 79
60 81
62 64
64 77
64 87
65 67
65 84
65 90
70 98
70 77
72 81
72 90
74 75
75 90
75 79
77 99
81 92
82 85
84 96
84 85
85 98
85 93
87 96
