 .. .. 4.252121212121212 
 85 40 4.111515151515151 
 74 30 4.027474747474748 
 77 30 3.9371717171717173 
 77 41 3.8624242424242423 
 29 30 3.806868686868687 
 30 49 3.753131313131313 
 85 30 3.7 
 3 30 3.6480808080808083 
 90 30 3.594141414141414 
 23 30 3.5434343434343436 
 52 30 3.5 
 73 30 3.45959595959596 
 64 30 3.419191919191919 
 30 31 3.3795959595959597 
 55 30 3.346262626262626 
 69 30 3.317171717171717 
 30 34 3.287878787878788 
 18 30 3.258787878787879 
 22 30 3.2296969696969695 
 65 30 3.20020202020202 
 30 43 3.1733333333333333 
 92 30 3.146060606060606 
 97 30 3.1183838383838385 
 61 30 3.092929292929293 
 87 30 3.0682828282828285 
 62 30 3.043838383838384 
 78 30 3.0195959595959594 
 76 30 3.000808080808081 
 89 30 2.9820202020202022 
 10 30 2.9638383838383837 
 9 30 2.945858585858586 
 58 30 2.9278787878787877 
 63 30 2.9101010101010103 
 68 30 2.8923232323232324 
 57 30 2.874949494949495 
 59 30 2.8575757575757574 
 94 30 2.84020202020202 
 54 30 2.8230303030303032 
 50 30 2.806060606060606 
 53 30 2.789090909090909 
 91 30 2.7723232323232323 
 93 30 2.7555555555555555 
 67 30 2.7391919191919194 
 83 30 2.722828282828283 
 1 30 2.7066666666666666 
 8 30 2.6907070707070706 
 16 30 2.6745454545454543 
 19 30 2.6585858585858584 
 30 46 2.6426262626262624 
 51 30 2.6266666666666665 
