0 54
1 24
2 25
2 91
2 71
3 81
3 82
3 13
3 89
4 35
4 92
4 77
5 18
5 87
5 55
6 8
6 21
6 85
7 92
7 14
8 16
8 27
8 12
9 40
9 79
10 73
10 69
10 14
10 23
11 81
11 82
11 75
12 32
12 20
12 21
12 24
12 25
13 40
13 56
14 98
15 44
15 93
16 83
17 88
17 68
17 61
17 79
18 96
18 65
18 73
18 23
18 56
19 96
19 43
19 62
19 54
20 89
20 26
20 95
20 55
21 97
21 67
21 68
21 69
21 99
21 62
21 95
22 39
23 91
23 44
23 79
24 69
24 44
24 61
24 95
25 48
25 96
25 45
26 33
27 41
27 72
27 49
28 33
29 97
29 34
29 43
29 87
30 44
31 32
31 43
31 44
31 93
31 81
31 61
32 60
32 35
33 69
33 92
33 88
33 56
33 63
34 51
35 91
35 69
36 49
37 90
37 94
38 52
38 94
39 79
40 82
40 51
40 49
41 81
41 90
41 86
42 68
42 69
43 71
43 53
44 74
44 63
45 64
45 66
46 98
47 99
47 62
49 60
49 61
50 66
50 52
51 62
53 96
55 68
56 59
57 69
58 77
61 66
62 66
63 69
65 69
65 85
67 80
67 84
67 71
68 87
69 72
70 85
70 71
76 86
77 80
78 94
79 84
84 96
86 96
91 92
97 99
