0 65
0 36
0 75
0 13
0 78
0 14
1 5
2 88
2 84
3 66
3 92
3 62
3 47
4 60
4 7
5 34
5 83
5 39
6 73
6 79
6 63
6 15
7 90
8 82
8 91
9 16
9 74
9 11
9 82
9 15
10 64
10 43
10 27
10 60
11 14
12 24
12 50
12 86
13 29
14 31
15 83
15 69
15 73
16 49
16 62
16 41
17 67
17 93
18 58
18 59
18 53
19 96
19 35
20 83
20 45
20 86
21 29
22 40
22 27
22 38
23 88
23 43
25 69
25 94
26 96
26 60
26 28
26 90
26 59
26 92
27 88
27 49
27 87
28 83
30 63
31 58
31 71
32 50
33 88
33 74
33 54
34 97
35 82
35 76
36 72
36 44
37 80
37 81
37 77
37 71
38 45
38 79
39 56
39 89
39 46
40 43
41 80
41 60
41 70
41 96
42 96
43 55
45 99
45 74
45 91
46 96
47 54
48 95
48 63
49 99
49 92
49 84
49 60
50 84
50 55
51 82
52 68
53 57
53 67
53 76
54 97
54 81
55 94
57 65
57 82
58 66
61 81
64 76
66 91
68 79
70 94
70 71
71 95
72 99
72 95
73 74
73 86
75 90
76 80
76 83
78 91
80 91
81 93
82 98
83 85
89 91
92 97
