0 16
0 41
0 71
1 95
1 75
1 76
1 87
2 15
3 64
3 72
3 44
3 78
3 17
3 51
3 85
4 86
5 60
5 82
5 52
5 29
5 86
6 37
7 84
7 65
7 44
7 21
8 77
8 38
9 80
9 89
9 60
9 78
9 79
10 88
10 49
10 67
10 27
10 82
11 48
11 52
12 59
12 35
12 52
13 35
13 49
13 43
13 17
13 90
13 59
14 33
14 51
14 92
14 65
15 65
15 43
15 52
16 97
16 38
16 42
16 49
16 89
16 27
17 91
17 50
17 77
18 20
18 21
18 93
19 80
19 67
19 40
19 41
19 48
19 54
19 60
20 41
21 63
21 31
22 34
22 87
22 42
22 55
23 29
23 62
24 93
24 69
24 62
24 31
25 41
25 79
26 48
26 41
26 66
26 27
26 31
27 93
28 89
28 77
29 91
29 43
29 54
30 99
31 58
32 69
32 62
34 82
34 38
34 45
35 82
35 71
36 65
36 89
36 55
37 97
37 46
37 63
38 48
38 76
38 58
38 61
39 64
39 70
41 51
41 92
43 68
43 71
43 56
44 83
44 90
44 61
45 68
45 93
46 80
46 94
46 86
47 73
47 79
47 75
47 55
48 80
50 72
50 60
50 79
51 98
51 74
51 61
53 56
55 71
56 71
57 67
60 87
60 63
61 68
61 79
63 87
64 96
64 65
64 97
65 86
67 77
67 78
69 83
69 77
69 89
70 98
70 93
72 84
74 97
74 98
78 81
82 85
85 87
86 92
91 98
94 99
