 .. .. 2.310909090909091 
 5 15 2.3064646464646463 
 10 21 2.3022222222222224 
 34 47 2.2981818181818183 
 47 79 2.293939393939394 
 17 24 2.29010101010101 
 36 17 2.286060606060606 
 57 4 2.2822222222222224 
 6 24 2.278787878787879 
 12 24 2.2753535353535352 
 73 7 2.271919191919192 
 76 20 2.2684848484848485 
 60 94 2.265050505050505 
 17 21 2.2618181818181817 
 47 3 2.2585858585858585 
 47 48 2.2551515151515154 
 62 2 2.251919191919192 
 69 94 2.248686868686869 
 92 97 2.2454545454545456 
 32 13 2.242424242424242 
 55 13 2.2393939393939393 
 55 0 2.2363636363636363 
 55 35 2.233131313131313 
 64 15 2.23010101010101 
 54 41 2.227070707070707 
 27 41 2.2240404040404043 
 62 44 2.221010101010101 
 76 25 2.217979797979798 
 89 74 2.214949494949495 
 11 17 2.212121212121212 
 26 4 2.2092929292929293 
 98 4 2.2062626262626264 
 29 15 2.2034343434343433 
 45 9 2.2006060606060607 
 25 9 2.1977777777777776 
 35 9 2.194949494949495 
 9 19 2.192121212121212 
 47 18 2.1892929292929293 
 50 4 2.1864646464646467 
 55 4 2.1836363636363636 
 80 0 2.180808080808081 
 94 23 2.177979797979798 
 65 94 2.174949494949495 
 99 4 2.1721212121212123 
 93 48 2.1692929292929293 
 25 48 2.1664646464646466 
 52 60 2.1636363636363636 
 52 70 2.160808080808081 
 4 12 2.158181818181818 
 11 15 2.1555555555555554 
 37 15 2.152929292929293 
