0 64
0 5
0 71
0 17
0 82
0 22
0 27
0 86
0 62
1 90
1 43
1 44
1 69
2 99
2 4
2 45
2 19
2 25
2 28
2 31
3 65
3 9
3 77
3 81
3 27
3 92
3 94
4 70
4 40
4 9
4 42
4 11
4 24
5 66
5 72
5 47
5 50
5 88
6 32
6 56
6 44
6 61
6 71
7 98
7 71
7 41
7 76
7 46
7 26
8 99
8 71
8 9
8 75
8 15
8 48
8 50
8 21
8 55
8 59
8 92
9 83
9 86
9 14
9 17
9 51
9 52
9 22
9 56
9 84
10 41
10 43
10 84
10 88
10 29
10 31
11 33
11 99
11 19
11 85
11 86
11 25
12 34
12 98
12 45
13 32
13 97
13 35
13 74
13 17
13 51
13 53
13 24
13 91
13 61
13 85
14 33
14 40
14 47
14 48
14 17
14 79
14 29
15 96
15 39
15 76
15 78
15 85
15 88
15 29
15 30
16 98
16 22
16 44
16 47
16 81
16 86
16 89
16 28
16 93
16 94
16 95
17 99
17 74
17 87
17 77
17 49
17 50
17 83
17 78
17 55
17 26
17 60
18 89
18 99
18 70
18 62
18 23
19 73
19 76
19 77
19 84
19 95
19 63
20 66
20 39
20 40
20 75
20 45
20 72
20 82
20 85
20 23
20 93
21 33
21 34
21 91
21 69
21 71
21 77
21 47
21 80
21 51
21 79
22 67
22 44
22 76
22 50
22 99
22 29
23 65
23 98
23 69
23 38
23 51
23 58
23 59
24 34
24 39
24 74
24 49
24 87
24 89
25 38
25 71
25 72
25 98
25 52
26 98
26 76
26 57
26 59
26 28
27 73
27 76
27 45
27 48
27 49
27 53
27 58
27 90
27 62
28 75
28 44
28 51
29 65
29 75
29 89
29 74
29 31
30 99
30 76
30 46
30 79
30 56
31 32
31 67
31 98
31 75
31 44
31 82
31 80
31 50
31 99
31 85
32 35
32 39
32 79
32 91
32 63
32 62
33 65
33 41
33 42
33 52
33 60
33 61
34 67
34 37
34 42
34 55
35 58
35 59
35 39
36 50
36 43
36 53
36 86
37 39
37 46
37 79
37 52
37 90
37 93
38 99
38 77
38 82
38 53
38 54
38 57
38 63
39 93
39 46
39 59
39 92
39 61
40 72
40 44
40 45
40 82
40 85
40 92
40 62
41 69
41 76
41 78
41 48
41 54
41 58
41 42
42 99
42 70
42 65
42 43
42 77
42 87
42 91
42 95
43 49
43 50
43 53
43 88
43 91
43 60
44 96
44 83
44 48
44 76
44 65
44 51
44 84
44 87
44 89
44 93
45 70
45 76
45 86
45 88
45 62
45 95
46 65
46 77
46 48
46 51
46 85
46 57
46 91
47 80
47 71
47 72
47 79
47 88
47 59
47 92
48 67
48 74
48 75
48 58
48 92
48 90
49 99
49 55
49 88
49 63
50 98
50 80
50 72
50 69
51 60
51 91
52 96
52 70
52 85
52 73
53 70
53 76
53 93
54 94
54 61
55 70
55 73
55 87
55 72
55 57
55 58
56 70
56 78
56 82
56 92
57 79
57 82
58 86
58 87
59 70
59 94
60 81
60 75
60 76
61 98
61 65
61 73
61 71
62 96
62 92
63 66
63 98
64 73
64 71
65 87
65 84
66 90
67 78
67 83
68 88
68 75
68 76
68 70
69 72
69 80
69 90
70 91
70 78
71 97
72 84
72 99
72 89
72 95
72 94
76 96
76 99
76 78
77 79
77 86
78 85
79 92
80 89
80 93
82 98
83 94
84 99
84 87
84 90
84 93
86 97
87 99
87 93
87 90
88 94
90 96
91 97
91 92
91 95
93 96
94 96
96 97
