 .. .. 2.3153535353535353 
 5 50 2.310909090909091 
 82 98 2.3064646464646463 
 34 37 2.3024242424242423 
 59 18 2.298383838383838 
 54 49 2.2945454545454544 
 98 37 2.2907070707070707 
 88 37 2.286868686868687 
 74 37 2.283232323232323 
 15 37 2.2795959595959596 
 67 37 2.275757575757576 
 83 37 2.271919191919192 
 52 7 2.2682828282828282 
 97 59 2.264646464646465 
 81 96 2.261010101010101 
 10 37 2.257575757575758 
 64 37 2.253939393939394 
 68 37 2.25010101010101 
 14 37 2.2462626262626264 
 37 39 2.2422222222222223 
 50 37 2.237979797979798 
 90 37 2.2337373737373736 
 1 37 2.2296969696969695 
 37 38 2.2254545454545456 
 18 37 2.221212121212121 
 55 37 2.216767676767677 
 25 37 2.2123232323232322 
 95 37 2.2076767676767677 
 89 37 2.2032323232323234 
 92 37 2.1985858585858584 
 94 37 2.1937373737373735 
 73 37 2.188888888888889 
 22 37 2.1840404040404042 
 31 37 2.1791919191919193 
 69 37 2.174141414141414 
 70 37 2.169090909090909 
 85 37 2.163838383838384 
 86 37 2.1585858585858584 
 0 37 2.1533333333333333 
 28 37 2.147878787878788 
 37 43 2.1424242424242426 
 37 47 2.136969696969697 
 17 37 2.1315151515151514 
 33 37 2.126060606060606 
 72 37 2.1206060606060606 
 81 37 2.1151515151515152 
 97 37 2.1094949494949495 
 19 37 2.103838383838384 
 35 37 2.098181818181818 
 12 37 2.0925252525252525 
 51 37 2.0866666666666664 
