0 67
0 72
0 10
0 35
0 84
0 58
1 65
1 2
1 92
1 77
1 23
1 28
1 94
1 63
2 3
2 69
2 40
2 78
2 80
3 83
3 75
3 10
3 71
4 40
4 73
4 74
4 45
4 16
4 20
4 54
4 55
4 28
4 63
5 25
5 26
5 27
5 52
6 69
6 44
6 79
6 80
6 82
6 54
6 23
7 37
7 42
7 12
7 77
7 78
7 80
7 81
7 50
7 23
7 61
8 35
8 17
8 82
8 86
8 88
8 58
8 95
9 34
9 36
9 98
9 48
9 49
9 83
9 52
9 95
10 68
10 38
10 74
10 12
10 14
10 21
10 87
10 60
10 29
10 85
11 64
11 33
11 35
11 12
11 50
11 99
11 28
12 33
12 34
12 72
12 16
12 84
12 54
12 23
12 62
12 63
13 70
13 72
13 41
13 75
13 80
13 87
13 56
13 62
14 36
14 37
14 48
14 88
14 57
14 58
14 59
14 90
15 97
15 35
15 22
15 25
15 26
15 59
15 29
16 69
16 76
16 17
16 27
16 60
16 95
17 48
17 68
17 39
17 42
17 40
17 86
17 27
17 93
17 63
18 33
18 68
18 69
18 74
18 87
18 27
18 42
19 32
19 37
19 39
19 74
19 44
19 45
19 82
19 85
19 54
19 60
19 94
20 25
20 93
20 94
20 97
21 67
21 36
21 69
21 41
21 75
21 49
21 83
21 23
21 91
21 42
22 98
22 79
22 48
22 83
22 87
23 99
23 37
23 39
23 46
23 49
23 84
23 38
23 53
24 65
24 34
24 36
24 86
24 88
24 89
24 91
24 29
24 31
25 39
25 76
25 52
25 29
26 32
26 67
26 52
26 85
26 89
26 58
26 29
27 33
27 66
27 51
27 86
27 60
27 94
27 63
28 67
28 41
28 82
28 86
28 73
28 60
29 97
29 68
29 37
29 81
29 51
29 88
30 98
30 68
30 43
30 45
30 46
30 47
31 97
31 36
31 69
31 76
31 46
31 88
31 51
32 65
32 76
32 48
32 52
32 55
32 57
32 59
33 80
33 67
33 70
33 97
33 42
33 48
33 51
33 52
33 60
33 93
34 69
34 79
34 76
35 65
35 99
35 36
35 74
35 97
35 42
35 52
35 54
35 47
35 61
35 94
36 64
36 81
36 43
36 76
36 79
36 49
36 78
36 83
36 53
37 51
37 97
37 46
37 88
38 66
38 43
38 98
38 51
38 89
38 57
38 61
39 68
39 75
39 80
39 53
39 90
39 95
40 67
40 72
40 42
40 98
40 79
40 57
40 62
40 63
41 66
41 45
41 51
42 76
42 67
43 66
43 79
43 81
43 56
44 70
44 45
44 46
44 82
44 52
44 92
44 93
44 94
45 64
45 81
45 49
45 50
45 86
46 97
46 80
46 82
46 93
47 75
47 79
48 99
48 64
48 82
48 53
48 61
49 70
49 81
49 83
49 93
50 96
50 75
50 72
50 87
50 59
50 60
51 66
51 65
51 75
51 80
51 86
51 73
51 56
51 62
52 97
52 81
52 57
52 69
53 67
53 79
53 81
53 83
53 55
53 60
53 62
54 78
54 80
55 68
55 71
55 87
55 92
55 61
55 62
56 99
56 71
56 76
56 81
56 93
57 96
57 66
57 73
58 91
58 77
58 59
59 68
59 69
59 76
59 89
59 61
60 72
60 74
60 61
61 72
61 99
62 98
62 73
63 79
63 92
64 96
64 68
65 72
65 77
65 78
65 88
65 90
65 95
66 97
66 88
66 92
67 73
68 98
68 79
68 84
69 70
69 74
69 76
69 81
69 92
70 97
70 76
70 90
70 92
72 99
72 83
72 95
73 74
73 86
74 98
75 98
75 99
76 96
77 82
77 84
79 83
79 95
80 96
80 85
82 86
83 98
83 89
83 91
83 85
84 94
85 99
86 93
86 95
87 89
88 93
89 98
90 96
90 99
91 97
95 98
