0 65
0 7
0 42
0 76
0 23
0 24
0 74
1 8
1 46
1 72
1 52
1 87
1 90
2 37
2 40
2 41
2 76
2 46
2 19
2 60
3 32
3 33
3 68
3 65
3 8
3 41
3 12
3 46
3 96
3 23
3 24
3 25
4 80
4 69
4 42
4 45
4 77
4 16
4 79
4 84
4 53
4 27
5 91
5 37
5 70
5 81
5 73
5 93
5 17
5 84
5 58
5 59
5 29
5 30
6 96
6 35
6 72
6 93
6 79
6 48
6 91
6 99
6 84
6 21
6 24
6 59
6 60
6 61
6 85
6 53
7 34
7 38
7 42
7 78
7 47
7 53
7 24
7 31
8 67
8 36
8 40
8 9
8 76
8 48
8 82
8 19
8 53
8 41
8 24
8 27
8 94
9 37
9 70
9 71
9 75
9 53
9 24
10 96
10 12
10 82
10 89
10 26
10 29
11 66
11 41
11 75
11 29
11 17
11 85
11 26
11 58
11 95
12 40
12 82
12 72
12 50
12 53
12 57
12 62
13 64
13 36
13 40
13 76
13 45
13 77
13 81
13 51
13 84
13 23
13 79
13 61
14 24
14 42
14 76
14 29
15 97
15 36
15 63
16 36
16 37
16 70
16 71
16 80
16 87
16 29
17 64
17 34
17 67
17 73
17 44
17 45
17 75
17 27
17 62
18 80
18 69
18 87
19 99
19 43
19 49
19 56
19 60
19 29
20 36
20 72
20 41
20 42
20 45
20 60
20 49
20 50
20 53
20 54
20 28
20 31
21 96
21 95
21 48
21 49
21 91
21 28
21 63
22 96
22 99
22 41
22 74
22 76
22 86
22 29
22 63
23 37
23 49
23 53
23 57
23 61
24 38
24 71
24 77
24 40
24 82
24 56
24 59
24 92
24 62
25 76
25 91
25 89
25 26
25 59
25 61
26 80
26 99
26 37
26 48
27 64
27 66
27 70
27 71
27 75
27 76
27 36
27 92
27 62
28 36
28 69
28 43
28 79
28 50
28 60
29 40
29 86
29 37
30 67
30 55
30 46
30 99
30 86
30 87
30 88
30 92
31 66
31 98
31 84
31 90
31 59
32 65
32 68
32 42
32 75
32 45
32 47
32 54
32 63
33 38
33 41
33 51
33 54
33 88
33 59
33 95
34 64
34 45
34 69
35 64
35 70
35 46
35 79
35 88
35 91
36 65
36 66
36 37
36 71
36 76
36 44
36 81
36 56
37 93
37 46
37 61
37 49
37 84
37 78
37 57
37 60
37 63
38 39
38 41
38 74
38 88
38 63
39 80
39 60
39 62
40 99
40 80
40 86
40 55
40 92
41 96
41 65
41 87
41 91
41 92
42 72
42 75
42 44
42 91
42 60
42 93
43 64
43 66
43 45
43 82
43 52
43 62
44 72
44 83
44 53
44 62
45 48
45 56
45 90
45 91
45 63
46 97
46 72
46 94
46 49
46 53
47 53
47 59
47 94
47 63
48 65
48 93
48 77
48 53
48 86
48 79
48 92
48 58
49 99
49 70
49 73
49 80
49 58
49 93
51 98
51 87
51 76
51 81
51 55
51 56
51 92
52 68
52 70
52 97
52 54
52 87
52 57
52 91
53 65
53 80
53 56
53 89
54 66
54 87
54 77
54 82
54 85
54 89
54 55
55 66
55 94
55 60
56 69
56 74
56 87
56 63
57 70
57 79
57 63
58 65
58 98
58 75
58 72
58 86
58 91
59 71
59 75
59 77
59 88
59 83
59 84
59 62
60 87
61 83
61 85
61 94
62 66
62 74
62 76
62 75
62 99
62 92
63 96
63 79
65 98
65 71
65 89
65 68
65 90
66 76
66 91
66 92
67 69
67 85
68 87
68 91
69 97
69 75
69 94
70 77
71 81
71 91
71 95
72 78
72 90
73 79
73 78
75 81
75 91
75 99
75 95
77 91
77 81
77 88
77 90
78 80
78 90
78 93
78 95
79 82
79 88
80 91
81 98
82 97
83 94
83 85
84 95
85 87
86 93
86 95
88 89
