0 64
0 96
0 35
0 15
0 80
0 17
0 24
0 88
0 27
0 93
1 66
1 4
1 72
1 73
1 43
1 20
1 94
1 68
1 59
1 62
1 31
2 34
2 36
2 7
2 74
2 43
2 98
2 83
2 52
2 63
2 93
2 31
3 19
3 65
3 6
3 74
3 83
3 90
3 61
4 32
4 51
4 8
4 11
4 19
4 21
4 23
4 57
4 28
5 37
5 43
5 77
5 14
5 81
5 27
5 29
5 94
6 72
6 48
6 55
6 88
6 89
6 30
6 63
7 32
7 71
7 10
7 12
7 77
7 16
7 20
7 84
7 26
7 30
8 71
8 74
8 11
8 77
8 80
8 53
8 26
8 90
9 99
9 79
9 35
9 13
9 55
10 33
10 35
10 44
10 54
10 56
11 76
11 50
11 48
11 18
11 86
11 55
11 29
12 99
12 79
12 53
12 88
12 58
12 85
13 96
13 66
13 42
13 48
13 81
13 51
13 21
13 73
13 88
13 85
14 64
14 33
14 68
14 38
14 75
14 46
14 49
14 82
14 31
15 34
15 38
15 72
15 47
15 16
15 21
15 90
15 91
15 60
16 91
16 86
16 70
16 72
16 42
16 47
16 22
16 23
17 65
17 67
17 36
17 50
17 20
17 23
17 88
17 89
17 27
17 62
18 32
18 65
18 43
18 38
18 41
18 82
18 75
18 73
18 57
18 29
19 34
19 98
19 73
19 43
19 76
19 77
19 99
19 52
19 25
19 63
20 82
20 44
21 32
21 64
21 46
21 85
21 54
21 58
21 92
22 38
22 73
22 42
22 47
22 50
22 24
22 62
23 33
23 35
23 38
23 65
23 75
23 44
23 84
23 24
23 68
24 68
24 72
24 74
24 43
24 48
24 56
24 60
24 29
24 94
24 63
25 65
25 36
25 44
25 78
25 47
25 48
26 34
26 67
26 76
26 72
26 88
26 58
27 32
27 68
27 82
27 50
27 86
27 87
27 60
28 56
28 81
28 78
28 54
29 32
29 35
29 72
29 41
29 91
29 51
29 59
29 93
30 33
30 66
30 67
30 39
30 77
30 50
30 86
30 62
31 64
31 70
31 47
31 51
31 59
31 62
32 34
32 78
32 52
32 88
32 58
33 75
33 68
33 70
33 43
33 78
33 86
33 74
34 65
34 38
34 41
34 86
34 73
35 66
35 68
35 82
35 92
35 94
36 69
36 41
36 47
36 49
36 57
37 64
37 71
37 74
37 54
37 60
38 54
38 70
38 81
38 94
39 66
39 91
39 98
39 95
40 80
40 91
40 59
40 53
41 71
41 61
41 48
41 50
41 79
42 80
42 83
42 51
42 54
42 91
43 99
43 98
43 57
43 94
43 95
44 78
44 54
44 63
45 64
45 73
45 82
45 55
45 56
45 89
45 58
45 60
45 61
46 64
46 72
46 73
46 81
46 52
47 82
47 50
47 83
47 57
47 58
47 59
47 60
47 94
48 64
48 70
48 54
49 96
49 97
49 69
49 78
49 58
50 76
50 52
50 53
50 88
51 75
51 80
51 82
51 52
51 87
51 90
51 95
52 70
52 77
52 81
52 58
53 73
53 75
53 76
53 94
54 65
54 93
55 64
55 75
55 74
55 77
56 67
56 92
56 78
56 81
56 59
57 71
57 77
57 80
57 63
58 65
58 86
58 89
58 90
58 62
58 63
59 88
59 87
59 91
60 67
60 79
60 94
61 77
61 73
61 89
61 63
62 67
62 73
62 74
62 78
62 88
63 65
63 73
63 90
63 94
64 71
64 93
65 80
65 88
66 98
66 71
66 91
67 94
67 87
67 91
67 90
68 98
68 72
68 73
68 82
68 78
68 93
69 84
69 73
70 99
70 80
70 74
70 83
70 85
70 93
71 96
71 86
71 88
72 99
72 78
72 94
72 95
73 97
73 87
74 78
74 91
75 82
75 91
75 93
76 86
76 87
77 94
77 95
78 86
80 99
81 89
82 84
83 91
83 94
85 93
86 94
94 95
