 .. .. 2.3313131313131312 
 71 35 2.3256565656565655 
 10 44 2.321010101010101 
 83 27 2.3163636363636364 
 4 58 2.3119191919191917 
 72 25 2.307878787878788 
 94 36 2.303838383838384 
 5 23 2.3 
 11 36 2.2963636363636364 
 72 46 2.292727272727273 
 13 58 2.289090909090909 
 89 54 2.2854545454545456 
 77 83 2.2818181818181817 
 17 35 2.278383838383838 
 4 88 2.274949494949495 
 8 96 2.2715151515151515 
 13 94 2.268080808080808 
 20 98 2.264646464646465 
 83 96 2.2612121212121212 
 4 49 2.257979797979798 
 30 33 2.2547474747474747 
 76 28 2.2515151515151515 
 22 28 2.248282828282828 
 79 37 2.245050505050505 
 23 57 2.2418181818181817 
 23 71 2.2385858585858585 
 78 68 2.235353535353535 
 4 80 2.232121212121212 
 1 29 2.229090909090909 
 2 48 2.226060606060606 
 3 44 2.223030303030303 
 15 45 2.22 
 62 44 2.216969696969697 
 93 59 2.213939393939394 
 87 23 2.210909090909091 
 23 91 2.207878787878788 
 75 88 2.204848484848485 
 1 30 2.202020202020202 
 0 51 2.1991919191919194 
 13 26 2.1963636363636363 
 58 43 2.1935353535353537 
 19 43 2.1907070707070706 
 68 26 2.187878787878788 
 76 47 2.185050505050505 
 76 84 2.182020202020202 
 96 29 2.1791919191919193 
 86 55 2.1763636363636363 
 90 69 2.1735353535353537 
 5 86 2.1707070707070706 
 2 86 2.167878787878788 
 76 85 2.165050505050505 
