 .. .. 2.264646464646465 
 58 89 2.258787878787879 
 62 98 2.2547474747474747 
 58 35 2.250909090909091 
 53 91 2.247070707070707 
 82 53 2.243030303030303 
 3 37 2.2393939393939393 
 80 35 2.235757575757576 
 51 53 2.232121212121212 
 80 92 2.2284848484848485 
 73 31 2.225050505050505 
 13 74 2.221616161616162 
 9 98 2.2181818181818183 
 22 53 2.2147474747474747 
 0 53 2.2115151515151514 
 9 52 2.208282828282828 
 45 57 2.205050505050505 
 57 60 2.201616161616162 
 11 96 2.1983838383838386 
 14 76 2.1951515151515153 
 23 49 2.191919191919192 
 28 29 2.188686868686869 
 81 46 2.1854545454545455 
 2 37 2.1824242424242426 
 17 48 2.179393939393939 
 19 78 2.1763636363636363 
 21 36 2.1733333333333333 
 63 35 2.1703030303030304 
 71 26 2.1672727272727275 
 25 93 2.164242424242424 
 9 47 2.1614141414141415 
 16 39 2.1585858585858584 
 18 35 2.1557575757575758 
 24 40 2.152929292929293 
 53 41 2.15010101010101 
 53 34 2.1472727272727274 
 61 33 2.1444444444444444 
 63 49 2.1416161616161618 
 79 31 2.1387878787878787 
 92 35 2.135959595959596 
 19 55 2.133131313131313 
 53 74 2.1303030303030304 
 88 53 2.1272727272727274 
 50 53 2.124242424242424 
 53 46 2.121212121212121 
 7 53 2.1183838383838385 
 52 53 2.1153535353535355 
 15 53 2.1125252525252525 
 20 53 2.1094949494949495 
 24 53 2.1064646464646466 
 53 58 2.1032323232323233 
