 .. .. 2.330909090909091 
 15 85 2.326060606060606 
 58 20 2.3212121212121213 
 26 22 2.3165656565656567 
 22 90 2.312121212121212 
 37 75 2.308080808080808 
 50 84 2.304040404040404 
 42 43 2.3 
 40 67 2.296161616161616 
 63 66 2.2923232323232323 
 66 79 2.2884848484848486 
 39 6 2.2848484848484847 
 70 75 2.2812121212121212 
 20 75 2.2775757575757574 
 31 75 2.2741414141414142 
 73 75 2.2707070707070707 
 33 75 2.267272727272727 
 35 75 2.2636363636363637 
 60 75 2.26 
 4 75 2.2565656565656567 
 19 75 2.252929292929293 
 36 75 2.2494949494949497 
 75 90 2.2458585858585858 
 25 75 2.2422222222222223 
 9 75 2.2385858585858585 
 17 75 2.234949494949495 
 38 75 2.2311111111111113 
 57 75 2.227272727272727 
 12 75 2.2234343434343433 
 75 89 2.2193939393939393 
 75 99 2.2151515151515153 
 10 75 2.2111111111111112 
 15 75 2.206868686868687 
 27 75 2.2026262626262625 
 44 75 2.1981818181818182 
 42 75 2.1937373737373735 
 23 75 2.1892929292929293 
 55 75 2.184848484848485 
 40 75 2.1804040404040403 
 41 75 2.175757575757576 
 64 75 2.170909090909091 
 69 75 2.166060606060606 
 75 92 2.161010101010101 
 59 75 2.155959595959596 
 74 75 2.150909090909091 
 3 75 2.146060606060606 
 13 75 2.141010101010101 
 50 75 2.1357575757575757 
 6 75 2.1307070707070705 
 48 75 2.1254545454545455 
 34 75 2.1202020202020204 
