 .. .. 2.354343434343434 
 64 44 2.3478787878787877 
 70 81 2.343232323232323 
 5 46 2.338989898989899 
 25 48 2.334747474747475 
 12 44 2.3307070707070707 
 32 44 2.3264646464646463 
 3 31 2.3226262626262626 
 66 9 2.318787878787879 
 68 44 2.315151515151515 
 36 44 2.3115151515151515 
 63 44 2.3076767676767678 
 0 42 2.304242424242424 
 21 27 2.3008080808080806 
 33 44 2.2973737373737375 
 35 44 2.2937373737373736 
 67 44 2.28989898989899 
 54 44 2.286060606060606 
 57 44 2.2822222222222224 
 81 44 2.278383838383838 
 90 44 2.2743434343434346 
 97 44 2.2703030303030305 
 66 44 2.2662626262626264 
 11 44 2.2622222222222224 
 74 44 2.257979797979798 
 79 44 2.2535353535353537 
 73 44 2.249090909090909 
 18 44 2.244646464646465 
 82 44 2.24 
 88 44 2.2351515151515153 
 26 44 2.2305050505050503 
 34 44 2.2256565656565654 
 56 44 2.220808080808081 
 5 44 2.215959595959596 
 2 44 2.2111111111111112 
 43 44 2.206060606060606 
 7 44 2.201010101010101 
 4 44 2.195959595959596 
 37 44 2.1907070707070706 
 60 44 2.1852525252525252 
 58 44 2.17979797979798 
 94 44 2.174141414141414 
 29 44 2.1684848484848485 
 71 44 2.1626262626262625 
 19 44 2.156767676767677 
 80 44 2.150909090909091 
 30 44 2.145050505050505 
 95 44 2.138989898989899 
 24 44 2.132929292929293 
 23 44 2.126868686868687 
 78 44 2.1206060606060606 
