0 2
0 70
0 71
0 43
0 45
0 46
0 19
0 21
0 90
0 28
0 61
0 30
0 31
1 32
1 35
1 37
1 9
1 10
1 43
1 45
1 16
1 81
1 18
1 55
1 58
1 90
2 64
2 34
2 99
2 4
2 41
2 10
2 54
2 88
2 57
2 26
2 28
2 58
3 59
3 72
3 91
3 48
3 50
3 23
3 27
3 92
3 31
4 37
4 7
4 8
4 42
4 39
4 13
4 14
4 89
4 62
5 97
5 6
5 74
5 11
5 44
5 17
5 50
5 61
6 71
6 40
6 9
6 82
6 51
6 54
6 89
6 88
6 25
6 59
6 61
7 12
7 47
7 49
7 83
7 52
7 86
7 24
7 92
7 62
8 72
8 92
8 13
8 30
9 97
9 12
9 76
9 82
9 88
10 61
10 58
10 41
11 33
11 98
11 40
11 43
11 44
11 21
11 27
11 30
12 32
12 80
12 34
12 68
12 44
12 15
12 48
13 43
13 14
13 50
13 86
13 23
13 58
13 59
13 29
13 94
14 38
14 41
14 74
14 79
14 54
15 98
15 54
15 81
15 53
15 86
15 92
15 61
16 36
17 42
17 75
17 80
17 49
17 51
17 52
17 87
17 27
18 34
18 35
18 74
18 98
18 46
18 20
18 22
18 23
18 90
18 91
19 97
19 68
19 43
19 62
19 55
19 94
20 68
20 69
20 21
20 86
20 63
21 36
21 40
21 51
21 27
21 92
22 97
22 84
22 90
22 31
23 96
23 69
23 38
23 40
23 76
23 49
23 53
23 54
23 30
24 96
24 70
24 53
24 87
24 60
24 30
25 97
25 34
25 44
25 49
25 87
26 98
26 84
26 61
26 31
27 83
27 71
27 94
27 51
27 86
27 57
27 91
27 28
27 30
28 46
28 49
28 58
29 96
29 66
29 72
29 43
29 76
29 56
29 59
30 43
30 70
30 91
30 50
30 51
30 53
30 92
31 33
31 73
31 43
31 44
31 49
31 75
32 79
32 55
33 41
33 49
33 84
33 87
33 92
34 65
34 71
34 73
34 74
34 51
35 68
35 69
35 81
35 41
35 77
35 49
35 82
35 63
36 43
36 82
36 46
36 50
36 86
37 70
37 97
37 75
37 78
37 46
37 87
38 97
38 42
38 77
38 83
38 93
39 41
39 82
39 43
39 46
40 99
40 55
41 77
41 48
41 83
41 56
42 64
42 67
42 86
42 62
43 98
43 67
43 73
43 74
43 80
43 49
43 90
44 99
44 78
44 87
44 56
44 58
45 98
45 64
45 53
45 89
45 90
46 60
46 48
46 84
46 73
46 89
46 91
47 67
47 76
47 49
47 54
47 55
47 88
48 96
48 50
48 85
48 90
48 60
49 91
50 98
50 72
50 75
50 51
50 84
50 60
51 75
51 87
51 90
52 65
52 68
52 75
52 56
52 88
53 71
53 54
53 90
54 65
54 68
54 70
54 78
54 56
55 75
55 81
55 88
55 90
55 59
56 73
56 89
57 97
57 98
58 75
58 77
58 83
58 85
58 90
59 96
59 65
59 67
59 92
59 62
60 71
60 81
61 81
61 74
61 95
62 68
62 70
62 93
63 64
63 97
63 69
63 71
63 81
63 92
64 73
65 80
65 92
65 94
66 96
66 86
67 96
67 86
69 96
69 97
69 80
69 84
70 75
70 76
70 87
70 86
71 96
71 95
71 81
71 83
72 73
72 74
72 93
74 96
74 75
74 95
75 79
75 94
76 79
76 95
77 78
77 99
77 88
77 89
78 80
78 95
81 94
82 97
82 86
82 88
83 86
84 96
84 88
85 99
85 86
85 87
86 95
89 96
90 97
90 91
91 99
93 99
97 99
