 .. .. 2.3678787878787877 
 93 1 2.361818181818182 
 27 32 2.356161616161616 
 43 16 2.350909090909091 
 92 97 2.346060606060606 
 79 92 2.3412121212121213 
 66 2 2.336969696969697 
 43 14 2.333131313131313 
 30 77 2.3292929292929294 
 65 46 2.3254545454545457 
 97 56 2.3216161616161615 
 81 4 2.317979797979798 
 87 1 2.314343434343434 
 76 46 2.3107070707070707 
 38 46 2.307272727272727 
 86 22 2.303838383838384 
 50 47 2.3004040404040405 
 68 43 2.296969696969697 
 85 43 2.2933333333333334 
 26 43 2.28989898989899 
 95 27 2.2864646464646463 
 56 27 2.283030303030303 
 9 43 2.27979797979798 
 64 43 2.2763636363636364 
 78 43 2.272929292929293 
 79 43 2.2692929292929294 
 24 43 2.2656565656565655 
 57 43 2.2618181818181817 
 8 43 2.2581818181818183 
 52 43 2.2543434343434345 
 60 43 2.2503030303030305 
 66 43 2.246060606060606 
 32 43 2.2418181818181817 
 25 43 2.2375757575757578 
 93 43 2.233131313131313 
 21 43 2.228686868686869 
 96 43 2.2240404040404043 
 10 43 2.2195959595959596 
 53 43 2.214949494949495 
 72 43 2.21010101010101 
 42 43 2.2052525252525252 
 40 43 2.2004040404040404 
 62 43 2.1955555555555555 
 82 43 2.1905050505050503 
 33 43 2.1854545454545455 
 94 43 2.18020202020202 
 20 43 2.1751515151515153 
 43 45 2.1698989898989898 
 99 43 2.1646464646464647 
 17 43 2.159393939393939 
 61 43 2.154141414141414 
