 .. .. 2.3523232323232324 
 60 78 2.347070707070707 
 27 8 2.3424242424242423 
 74 97 2.337979797979798 
 28 19 2.3337373737373737 
 51 17 2.3296969696969696 
 19 20 2.325858585858586 
 35 79 2.322020202020202 
 29 0 2.318383838383838 
 46 9 2.3147474747474748 
 25 46 2.310909090909091 
 85 99 2.307272727272727 
 5 23 2.303838383838384 
 37 8 2.3004040404040405 
 68 12 2.296969696969697 
 12 16 2.2937373737373736 
 18 24 2.2905050505050504 
 19 22 2.287272727272727 
 82 19 2.283838383838384 
 69 19 2.2804040404040404 
 93 19 2.276969696969697 
 40 19 2.2735353535353537 
 11 19 2.27010101010101 
 81 19 2.2666666666666666 
 29 19 2.263232323232323 
 77 19 2.2595959595959596 
 42 19 2.255959595959596 
 45 19 2.2523232323232323 
 60 19 2.2484848484848485 
 41 19 2.244646464646465 
 4 19 2.240808080808081 
 30 19 2.236767676767677 
 94 19 2.2325252525252526 
 36 19 2.228282828282828 
 52 19 2.2240404040404043 
 67 19 2.2195959595959596 
 34 19 2.2151515151515153 
 64 19 2.2107070707070706 
 19 21 2.2062626262626264 
 66 19 2.2018181818181817 
 73 19 2.197171717171717 
 47 19 2.1925252525252525 
 25 19 2.187878787878788 
 49 19 2.183030303030303 
 56 19 2.178181818181818 
 14 19 2.1733333333333333 
 7 19 2.1684848484848485 
 10 19 2.1636363636363636 
 84 19 2.1585858585858584 
 91 19 2.1535353535353536 
 17 19 2.1484848484848484 
