0 43
0 70
0 75
0 25
0 58
0 29
1 96
1 35
1 4
1 86
1 38
1 7
1 17
1 22
1 23
1 81
1 29
1 30
1 31
2 64
2 97
2 98
2 14
2 81
2 23
2 92
2 61
2 94
3 96
3 10
3 75
3 46
3 48
3 18
3 19
3 93
4 98
4 74
4 77
4 93
4 15
4 80
4 22
4 29
5 70
5 9
5 74
5 44
5 17
5 89
5 30
6 64
6 65
6 75
6 69
6 71
6 73
6 42
6 43
6 12
6 53
6 87
6 89
6 61
6 94
6 95
7 92
7 44
7 81
7 20
7 22
7 87
7 24
7 59
7 60
7 61
7 30
7 63
8 81
8 52
8 57
8 54
8 55
8 25
8 27
8 61
8 30
9 99
9 10
9 46
9 82
9 24
9 28
9 62
10 39
10 71
10 76
10 45
10 78
10 21
10 61
11 33
11 97
11 43
11 13
11 78
11 79
11 49
11 58
12 97
12 98
12 35
12 39
12 40
12 74
12 18
12 51
12 54
12 89
12 30
13 64
13 65
13 81
13 96
13 47
13 49
13 83
13 24
13 28
14 96
14 68
14 39
14 75
14 15
14 81
14 55
14 56
14 25
14 94
15 70
15 41
15 44
15 51
15 89
15 68
15 30
15 63
16 38
16 93
16 46
16 79
16 80
16 49
16 24
16 29
17 36
17 74
17 76
17 91
17 29
17 62
18 33
18 70
18 72
18 44
18 79
18 85
18 23
18 27
19 64
19 41
19 77
19 47
19 21
19 73
20 76
20 78
20 48
20 87
20 28
20 31
21 64
21 73
21 43
21 77
21 79
21 53
21 87
21 88
21 25
21 59
22 37
22 78
22 84
22 60
23 68
23 75
23 53
23 59
24 77
24 82
24 54
25 67
25 43
25 49
25 86
25 56
25 60
25 53
26 92
26 85
26 53
26 62
26 55
27 32
27 97
27 39
27 42
27 46
27 72
27 83
27 59
27 28
28 33
28 36
28 42
28 44
28 80
28 50
28 82
28 84
28 90
29 37
29 32
29 39
29 56
30 35
30 36
30 38
30 71
30 77
30 83
30 54
31 32
31 99
31 37
31 40
31 43
31 47
31 55
31 56
31 84
31 90
31 95
32 83
32 35
32 37
32 51
32 55
33 65
33 69
33 80
33 85
33 62
34 81
34 35
34 69
34 77
34 71
35 91
35 86
35 76
35 83
35 66
35 51
35 52
35 54
35 87
35 88
35 59
36 70
36 40
36 75
36 52
36 90
36 59
36 95
37 65
37 38
37 97
37 40
37 74
37 60
38 67
38 68
38 48
38 71
38 52
38 89
39 64
39 69
39 41
39 45
39 83
39 73
39 89
40 66
40 84
40 86
41 51
41 74
41 89
41 90
42 96
42 99
42 48
42 84
42 90
42 93
43 98
43 44
43 48
43 49
43 57
43 53
43 94
44 98
44 81
44 51
44 84
44 62
45 51
45 71
45 46
45 83
45 84
46 66
46 99
46 54
47 48
47 50
47 51
47 84
47 86
47 92
48 68
48 72
48 77
48 80
48 81
48 85
48 86
48 89
48 57
49 65
49 76
49 77
49 50
49 67
49 84
49 57
50 72
50 51
50 86
50 89
51 54
51 93
51 94
52 96
52 69
52 91
53 65
53 66
53 75
53 72
53 77
53 79
53 99
53 89
53 61
53 85
54 68
54 70
54 56
54 55
54 90
54 61
55 99
55 89
55 57
56 66
56 67
56 86
56 85
57 80
57 98
57 72
57 91
58 98
59 96
59 68
59 90
59 62
60 70
60 78
60 90
60 61
60 69
60 63
61 67
61 74
61 94
61 95
62 66
62 70
62 83
63 73
63 82
63 92
64 97
64 69
64 73
64 81
64 98
65 66
65 89
66 69
66 74
66 78
66 90
67 99
67 83
67 84
67 92
68 96
68 69
68 90
69 73
69 86
70 97
70 71
70 78
70 95
71 97
71 78
71 81
71 82
71 94
71 86
71 90
71 95
73 98
73 75
75 96
75 80
76 82
76 86
76 88
76 84
77 80
77 97
77 83
77 85
78 95
79 80
80 93
80 95
81 85
81 94
82 97
82 87
83 96
83 87
84 95
86 89
87 96
88 97
88 98
89 90
89 95
90 94
93 98
93 95
94 98
95 99
