 .. .. 2.390909090909091 
 91 31 2.3834343434343435 
 7 15 2.3775757575757575 
 74 91 2.3723232323232324 
 91 64 2.367676767676768 
 4 9 2.363030303030303 
 1 91 2.358989898989899 
 11 77 2.354949494949495 
 59 37 2.351111111111111 
 91 53 2.347272727272727 
 22 33 2.3436363636363637 
 82 47 2.34 
 89 32 2.3363636363636364 
 64 93 2.3327272727272725 
 3 90 2.3292929292929294 
 19 45 2.325858585858586 
 3 83 2.3224242424242423 
 18 91 2.318989898989899 
 51 91 2.3155555555555556 
 54 96 2.312121212121212 
 58 91 2.308686868686869 
 84 91 2.305050505050505 
 91 40 2.3014141414141416 
 50 91 2.2975757575757574 
 79 91 2.2937373737373736 
 91 94 2.2896969696969696 
 61 91 2.2856565656565655 
 91 12 2.2816161616161614 
 91 98 2.2773737373737375 
 90 91 2.273131313131313 
 7 91 2.2688888888888887 
 16 91 2.2644444444444445 
 91 95 2.25979797979798 
 88 91 2.2551515151515154 
 17 91 2.2505050505050503 
 56 91 2.2458585858585858 
 24 91 2.241212121212121 
 34 91 2.2363636363636363 
 67 91 2.231313131313131 
 86 91 2.2262626262626264 
 23 91 2.221212121212121 
 73 91 2.216161616161616 
 75 91 2.2111111111111112 
 22 91 2.206060606060606 
 83 91 2.200808080808081 
 37 91 2.1955555555555555 
 66 91 2.1903030303030304 
 91 96 2.184848484848485 
 4 91 2.1795959595959595 
 8 91 2.174141414141414 
 14 91 2.1686868686868688 
