0 34
0 67
0 37
0 38
0 9
0 10
0 44
0 66
0 23
0 88
0 94
1 2
1 7
1 40
1 75
1 48
1 72
1 85
1 91
2 75
2 66
2 11
2 82
3 7
3 73
3 18
3 22
3 55
3 25
3 94
4 16
4 24
4 50
4 61
4 79
5 32
5 80
5 86
5 96
5 74
5 11
5 12
5 45
5 46
5 16
5 83
5 54
5 25
5 58
5 60
5 93
6 65
6 36
6 46
6 49
6 18
6 56
6 88
6 92
6 61
6 31
7 64
7 8
7 12
7 16
7 27
7 30
8 72
8 13
8 46
8 15
8 48
8 82
8 19
8 20
8 21
8 87
8 93
9 33
9 70
9 46
9 49
9 53
9 89
10 65
10 69
10 70
10 33
10 81
10 22
10 24
11 98
11 71
11 40
11 74
11 66
11 14
11 47
11 99
11 52
11 78
11 58
11 59
11 93
12 13
12 80
12 17
12 22
12 61
13 32
13 74
13 40
13 53
13 72
13 29
14 32
14 43
14 16
14 22
14 23
14 88
14 93
14 30
14 31
15 98
15 35
15 39
15 77
15 79
15 57
16 99
16 52
16 78
16 88
16 59
16 85
16 31
17 97
17 39
17 78
17 80
17 20
17 29
17 94
18 35
18 68
18 21
18 22
18 24
18 57
18 92
18 53
19 98
19 37
19 71
19 55
19 87
19 69
20 68
21 32
21 70
21 42
21 79
21 83
21 87
21 92
21 30
22 96
22 65
22 69
22 71
22 43
22 48
22 81
22 24
22 91
22 29
23 70
23 71
23 44
23 79
23 81
23 51
23 86
23 93
24 32
24 98
24 67
24 75
24 44
24 46
24 79
24 53
24 91
24 93
24 95
25 64
25 67
25 81
25 87
26 75
26 51
26 47
27 66
27 41
27 42
27 78
27 84
27 91
27 95
28 33
28 66
28 65
28 78
28 54
28 87
28 58
28 92
28 61
28 95
29 32
29 66
29 37
29 78
29 53
30 32
30 74
30 44
30 93
30 78
30 61
30 94
30 85
31 34
31 68
31 43
31 49
31 82
32 33
32 66
32 99
32 45
32 84
32 87
32 59
33 65
33 96
33 58
34 96
34 80
34 85
34 87
34 91
35 63
35 42
35 78
36 49
36 43
36 94
36 46
37 97
37 83
37 67
37 68
37 69
37 42
37 61
37 99
37 56
38 58
38 66
38 47
39 99
39 47
39 51
39 55
39 60
40 43
40 65
40 76
40 62
41 99
41 69
41 53
41 93
41 94
42 83
42 55
42 58
43 48
43 85
43 93
44 96
44 67
44 97
45 96
45 67
45 72
45 75
45 47
45 48
45 88
45 91
45 94
46 96
46 81
46 92
46 62
46 63
47 75
47 83
47 86
47 57
48 86
48 72
48 63
49 97
49 68
49 74
49 85
49 54
49 91
50 68
50 71
50 52
50 85
50 57
50 92
51 87
51 82
51 52
51 54
51 89
51 58
52 75
52 89
52 93
53 98
53 82
53 84
53 86
53 89
53 91
53 94
54 65
54 76
54 80
54 85
54 55
54 56
54 95
55 98
55 72
56 97
56 98
56 82
56 57
56 58
56 86
57 63
58 96
58 66
58 97
58 98
58 90
58 59
59 96
59 97
59 82
59 89
59 62
60 97
60 66
60 74
60 90
61 98
61 78
61 82
61 84
62 75
62 83
62 85
62 86
62 93
63 76
63 83
63 94
64 96
64 98
64 68
64 73
64 87
65 97
65 87
66 84
66 89
67 77
68 98
68 82
68 79
68 86
69 84
69 93
70 71
70 87
70 74
70 94
71 72
71 74
72 98
72 97
72 81
73 99
73 94
74 88
75 76
75 77
75 80
75 94
75 91
75 95
77 84
78 83
79 81
79 86
80 98
81 96
81 83
82 97
83 88
83 92
84 96
84 91
84 95
85 97
85 90
85 92
85 93
86 88
87 88
87 91
87 94
88 89
88 94
92 99
