0 32
0 1
0 3
0 97
0 40
0 42
0 76
0 82
1 35
1 49
1 74
1 79
1 48
1 17
1 62
2 6
2 75
2 77
2 14
2 47
2 51
2 20
2 87
2 24
2 59
2 63
3 97
3 8
3 9
3 42
3 45
3 52
3 61
3 62
4 79
4 20
4 21
4 23
4 57
4 26
4 93
5 33
5 34
5 69
5 65
5 21
5 54
5 87
5 57
5 91
6 64
6 75
6 76
6 45
6 14
6 79
6 55
6 87
7 57
7 61
7 47
8 33
8 35
8 74
8 81
8 18
8 19
8 85
8 61
9 70
9 39
9 71
9 82
9 81
9 50
9 55
9 87
9 91
9 28
10 99
10 69
10 43
10 78
10 80
10 51
10 22
10 88
10 89
10 27
10 86
10 62
11 66
11 71
11 54
11 87
11 56
11 28
11 62
11 31
12 65
12 66
12 39
12 72
12 49
12 22
13 99
13 91
13 37
13 77
14 64
14 80
14 69
14 72
14 76
14 77
14 47
14 16
14 85
15 67
15 36
15 37
15 72
15 60
15 91
15 20
15 53
15 89
15 59
15 28
16 39
16 72
16 49
16 53
16 60
17 99
17 74
17 77
17 48
17 24
18 26
18 46
18 71
19 32
19 69
19 51
19 20
19 86
19 25
19 26
19 60
19 63
20 96
20 38
20 43
20 78
20 83
20 94
21 34
21 72
21 44
21 52
21 54
21 88
21 93
22 68
22 45
22 89
22 90
22 30
23 33
23 74
23 43
23 79
23 28
24 70
24 42
24 76
24 57
24 92
25 96
25 68
25 38
25 75
25 49
25 52
25 55
25 84
25 61
25 95
26 97
26 75
26 38
26 43
26 57
26 93
26 63
27 34
27 36
27 73
27 45
27 78
27 77
27 55
27 57
27 91
27 42
28 35
28 44
28 52
28 53
28 89
28 61
29 96
29 72
29 43
29 82
29 90
29 91
29 95
30 32
30 38
30 39
30 72
30 43
30 76
30 77
30 80
30 81
30 90
31 49
32 39
32 41
32 75
32 81
32 56
32 58
33 64
33 59
33 63
34 99
34 36
34 75
34 84
35 64
35 66
35 43
35 78
35 82
35 58
36 73
36 76
36 45
36 50
36 87
37 41
37 98
37 71
38 91
38 70
38 73
38 75
38 81
38 99
38 57
38 88
38 59
38 58
39 80
39 69
39 97
39 42
39 44
39 41
40 48
40 45
40 71
41 65
41 74
41 79
41 55
42 64
42 75
42 44
43 65
43 70
43 71
43 92
43 55
43 93
43 82
43 60
44 65
44 67
44 97
44 73
44 99
45 70
45 72
45 68
45 60
45 62
46 67
46 72
46 48
46 83
46 54
46 59
47 80
47 69
47 48
47 83
47 63
48 66
48 85
48 54
48 55
48 95
49 68
49 59
49 93
50 59
51 92
51 78
52 96
52 98
52 71
52 60
52 76
52 86
52 89
52 62
52 63
53 80
53 97
53 76
53 84
53 56
54 99
54 70
54 74
54 81
54 86
54 85
55 98
55 68
55 81
55 94
56 59
56 64
57 97
57 94
59 85
59 86
59 62
59 63
60 80
60 93
60 77
60 61
61 84
62 93
63 96
63 91
63 65
63 80
63 87
63 95
64 98
64 94
65 99
65 90
65 91
66 76
66 81
66 73
67 82
67 87
67 90
67 95
68 98
68 72
68 87
68 76
68 85
68 93
69 77
69 88
69 91
70 91
71 91
72 78
73 98
73 82
73 83
73 94
76 99
76 94
76 85
77 80
77 83
78 79
80 83
81 83
81 88
82 99
82 84
83 95
85 88
85 89
86 88
86 93
87 88
87 92
88 97
89 99
89 91
91 92
93 96
94 97
95 99
96 97
