 .. .. 2.3175757575757574 
 91 69 2.3119191919191917 
 78 79 2.3062626262626265 
 94 97 2.3012121212121213 
 39 58 2.2965656565656567 
 92 2 2.292121212121212 
 54 58 2.288080808080808 
 85 94 2.284040404040404 
 37 73 2.2804040404040404 
 40 73 2.2767676767676766 
 0 19 2.273131313131313 
 88 14 2.2694949494949497 
 89 43 2.265858585858586 
 89 91 2.2622222222222224 
 10 73 2.258787878787879 
 9 58 2.2555555555555555 
 76 54 2.2523232323232323 
 77 59 2.249090909090909 
 77 54 2.2458585858585858 
 80 56 2.2426262626262625 
 91 44 2.2393939393939393 
 84 94 2.236161616161616 
 94 96 2.2329292929292928 
 20 70 2.22989898989899 
 69 70 2.2266666666666666 
 44 64 2.2236363636363636 
 44 50 2.2206060606060607 
 92 50 2.2173737373737374 
 48 67 2.2143434343434345 
 79 51 2.211313131313131 
 90 68 2.208282828282828 
 40 68 2.2052525252525252 
 99 50 2.2022222222222223 
 49 11 2.1991919191919194 
 95 17 2.196161616161616 
 8 70 2.1933333333333334 
 9 73 2.1905050505050503 
 39 70 2.1876767676767677 
 61 70 2.1846464646464647 
 27 70 2.181616161616162 
 97 70 2.1785858585858584 
 49 56 2.175757575757576 
 65 66 2.1729292929292927 
 81 66 2.17010101010101 
 98 73 2.1672727272727275 
 28 73 2.1644444444444444 
 3 73 2.1616161616161618 
 12 73 2.1585858585858584 
 96 73 2.155353535353535 
 20 73 2.152323232323232 
 92 73 2.149090909090909 
