0 1
0 66
0 4
0 10
0 79
0 18
0 22
0 23
0 91
0 29
1 39
1 72
1 7
1 76
1 77
1 78
1 49
1 51
1 87
1 26
1 91
1 60
2 35
2 69
2 15
2 47
2 91
2 83
2 27
2 29
2 95
3 36
3 73
3 43
3 78
3 15
3 81
3 25
3 26
3 60
3 90
4 68
4 6
4 8
4 49
4 83
4 23
4 95
4 61
4 63
5 88
5 34
5 55
5 70
5 7
6 67
6 8
6 44
6 78
6 49
6 58
6 60
7 34
7 68
7 8
7 9
7 11
7 16
7 41
7 92
7 31
8 72
8 41
8 49
8 51
8 20
8 60
9 66
9 40
9 42
9 44
9 46
9 50
9 83
9 90
9 58
9 74
10 98
10 69
10 71
10 42
10 45
10 14
10 77
10 81
10 51
11 66
11 69
11 24
11 60
11 93
12 36
12 45
12 48
12 82
12 52
12 26
12 62
13 71
13 85
13 26
13 92
13 93
13 62
14 68
14 40
14 77
14 15
14 48
14 49
14 95
14 74
14 84
14 63
14 92
14 61
14 31
15 51
15 36
15 71
15 98
15 99
15 82
15 19
15 84
15 78
15 58
15 59
15 90
15 30
16 65
16 99
16 36
16 41
16 76
16 80
16 82
16 53
16 94
16 21
17 32
17 97
17 38
17 40
17 18
17 22
17 57
17 56
17 25
17 29
17 62
17 31
18 34
18 39
18 76
18 44
18 19
19 33
19 97
19 88
19 20
19 56
19 57
19 91
20 51
20 83
20 37
20 71
20 41
20 81
20 50
20 89
20 57
21 44
21 37
21 55
22 42
22 77
22 82
22 51
22 56
22 92
22 61
22 31
23 97
23 71
23 75
23 49
23 53
23 54
23 89
23 68
23 90
23 91
23 31
24 33
24 65
24 75
24 46
24 80
24 81
24 88
24 89
24 90
24 95
24 63
25 29
25 38
25 43
26 39
26 40
26 41
26 85
26 57
27 65
27 70
27 97
27 74
27 76
27 47
27 86
27 55
27 58
27 95
28 39
28 46
28 47
28 53
28 56
28 59
28 29
28 94
28 95
29 71
29 51
30 66
30 91
30 72
30 41
30 47
30 73
30 89
30 31
31 32
31 40
31 43
31 44
31 53
31 59
31 94
32 98
32 72
32 76
32 45
32 47
32 54
32 59
33 65
33 86
33 72
33 73
33 88
33 50
33 54
33 87
33 91
34 44
34 94
35 64
35 36
35 69
35 39
35 52
36 66
36 68
36 41
36 42
36 83
36 78
37 70
37 39
37 73
37 93
37 49
37 61
38 96
38 39
38 75
38 79
38 82
38 94
39 66
39 82
39 67
39 77
39 51
39 86
40 70
40 48
41 48
41 67
41 80
41 46
42 71
42 75
42 53
42 87
42 95
43 77
43 89
43 82
43 53
43 54
43 55
44 68
44 86
44 76
44 78
44 54
44 92
45 78
45 79
45 84
45 86
46 92
46 61
46 94
47 96
47 81
47 72
47 49
47 82
47 53
47 87
47 58
47 61
48 67
48 68
48 80
48 88
49 71
49 86
49 56
50 72
50 77
50 81
51 65
51 81
52 71
52 73
52 79
52 56
52 59
53 99
53 60
53 82
54 67
55 65
55 70
55 90
55 63
56 73
56 74
56 62
57 77
57 80
57 82
57 87
57 88
57 94
58 72
58 85
58 95
59 96
59 68
59 97
59 75
59 76
59 63
60 66
60 74
60 93
60 62
62 73
62 77
62 80
62 82
62 85
62 87
63 96
63 73
64 89
64 92
64 94
64 86
65 77
66 99
66 80
66 86
67 69
67 79
67 73
67 92
68 71
68 79
69 72
70 80
70 72
70 83
71 88
72 97
72 82
73 82
73 86
75 88
75 85
75 93
76 98
76 86
76 95
77 79
77 85
80 97
80 84
81 93
82 97
83 96
83 92
84 98
84 94
85 99
85 94
85 87
85 89
86 93
87 92
90 93
92 96
93 95
94 96
