0 1
0 5
0 13
0 46
0 79
0 17
0 18
0 52
0 53
0 88
0 95
1 96
1 2
1 3
1 5
1 6
1 7
1 72
1 98
1 87
1 59
1 61
2 81
2 65
2 12
2 80
2 49
2 19
2 53
3 6
3 65
3 43
3 12
3 45
3 80
3 56
3 29
4 98
4 77
4 78
4 16
4 17
4 20
5 71
5 39
5 64
5 43
5 76
5 50
5 14
5 79
5 18
5 19
5 55
5 58
5 75
5 92
6 96
6 67
6 86
6 72
6 9
6 76
6 84
6 54
6 91
7 98
7 35
7 68
7 11
7 25
7 58
7 90
8 96
8 69
8 41
8 11
8 12
8 48
8 52
8 53
8 86
8 23
8 89
8 31
9 99
9 15
9 87
9 27
9 92
9 94
10 37
10 71
10 47
10 49
10 88
10 95
10 63
11 97
11 23
11 53
11 87
12 32
12 96
12 83
12 78
12 51
12 21
12 54
12 88
12 30
13 37
13 38
13 72
13 95
13 75
13 44
13 61
13 50
13 90
13 57
13 26
13 63
13 60
13 58
13 31
14 99
14 73
14 79
14 50
14 88
14 59
15 96
15 71
15 43
15 18
15 19
15 92
15 94
16 97
16 38
16 70
16 21
16 55
16 59
16 92
17 68
17 48
17 25
17 93
17 62
18 75
18 43
18 80
18 99
18 52
18 86
18 56
18 95
19 70
19 71
19 72
19 75
19 83
19 85
19 54
19 55
19 57
19 27
19 95
20 33
20 35
20 46
20 56
20 36
20 59
21 35
21 45
21 52
21 28
22 92
22 44
22 45
22 78
22 89
22 26
22 27
22 28
22 58
22 31
23 96
23 98
23 51
23 26
23 63
24 65
24 67
24 37
24 70
24 35
24 84
24 57
25 64
25 38
25 84
25 90
26 98
26 49
26 90
26 91
26 94
27 34
27 68
27 37
27 40
28 37
28 73
28 42
28 46
28 74
28 29
29 32
29 73
29 45
29 84
29 89
29 94
30 64
30 47
30 81
30 50
30 62
31 65
31 99
31 38
31 49
31 51
31 88
31 89
32 99
32 40
32 76
32 78
32 49
32 51
32 84
33 64
33 65
33 73
33 78
33 80
33 82
33 86
33 87
33 62
34 72
34 74
34 49
34 51
34 85
35 37
35 78
35 56
35 57
35 94
35 63
36 84
36 59
36 43
36 97
37 59
37 50
38 99
38 70
38 71
38 61
39 96
39 98
39 70
39 71
39 74
39 77
39 46
39 47
39 80
39 53
39 58
39 79
40 47
40 91
40 54
40 59
40 61
41 73
41 74
41 83
41 57
41 91
42 88
42 76
42 67
42 46
43 98
43 71
43 74
43 48
44 64
44 65
44 81
44 59
45 65
45 48
45 49
45 62
46 66
46 69
46 50
46 54
47 98
47 72
47 86
47 61
47 62
48 67
48 79
48 75
48 99
48 72
48 89
48 63
49 70
49 53
49 54
50 80
50 81
50 86
50 59
51 80
51 56
51 61
51 94
52 88
52 57
53 78
53 79
53 88
54 59
54 61
54 95
55 97
55 66
55 75
55 81
55 58
55 63
56 69
56 78
56 80
56 63
57 68
57 84
58 67
58 80
59 87
59 90
60 75
60 61
61 67
61 97
62 96
62 70
62 84
62 87
62 92
63 68
63 71
63 90
64 76
64 84
64 85
65 66
65 70
65 76
65 88
65 92
66 75
66 97
67 70
68 74
68 87
69 74
71 77
71 78
72 83
72 94
73 99
73 94
74 76
74 86
75 95
76 93
76 79
76 89
77 87
77 79
78 86
78 91
79 87
79 88
79 95
80 99
80 86
80 90
81 98
82 96
82 90
82 97
83 98
83 93
85 96
87 95
88 98
89 98
89 92
90 91
90 93
91 92
92 97
95 98
97 99
