0 77
0 22
1 67
1 84
1 47
2 41
2 92
3 64
3 67
3 70
3 72
3 51
3 94
3 89
3 30
4 27
4 5
4 30
5 19
5 71
6 27
7 64
7 41
7 12
7 77
7 47
7 19
7 56
7 15
8 86
9 38
9 87
10 33
10 66
10 15
10 85
10 54
10 30
11 81
11 18
11 82
11 23
12 34
12 43
12 68
12 75
12 84
12 90
13 91
13 89
13 58
13 35
14 34
14 73
14 44
14 98
14 86
14 29
15 33
15 83
15 70
16 64
16 37
16 47
16 56
16 25
16 59
17 41
17 50
17 98
17 65
18 51
18 38
19 67
19 41
19 42
19 25
20 62
21 98
21 67
23 96
23 28
23 73
23 60
23 93
24 34
24 54
25 49
25 47
26 36
26 70
26 79
27 48
28 73
28 82
28 50
28 52
28 86
29 59
29 53
29 47
30 98
30 31
31 72
31 69
32 96
32 36
32 85
33 41
33 80
33 58
33 94
34 69
35 73
35 54
36 87
37 59
37 94
38 44
38 56
38 91
38 93
39 56
39 80
39 63
40 71
40 70
40 47
41 96
41 43
41 53
41 89
41 85
42 97
42 44
44 59
45 88
45 52
46 78
47 70
47 59
48 80
49 96
49 66
49 91
50 61
50 93
51 99
51 57
51 70
53 55
54 57
54 97
55 96
55 62
56 86
57 65
57 99
57 87
57 92
58 69
58 73
58 79
58 84
58 60
59 83
60 67
61 74
61 93
62 90
63 93
64 80
65 72
65 79
65 67
66 80
67 73
68 97
69 73
69 85
70 98
70 81
72 79
73 74
74 82
74 93
75 90
75 93
76 80
76 95
78 80
78 89
79 94
82 87
83 92
85 92
86 88
87 99
90 97
90 91
93 97
95 99
