0 96
0 38
0 9
0 10
0 75
0 56
1 96
1 18
1 53
1 93
2 88
2 9
2 74
2 94
2 14
3 24
3 49
3 42
3 21
3 15
4 48
4 81
4 53
4 85
5 66
5 44
5 34
5 18
5 53
5 25
6 81
6 98
6 21
7 38
7 8
7 44
7 80
7 51
7 61
8 83
8 14
9 25
9 59
10 98
10 83
10 21
10 63
11 24
11 33
11 60
12 80
12 42
12 83
12 14
12 39
13 72
13 57
13 67
13 71
14 73
14 42
14 98
14 51
14 58
15 73
16 73
16 66
16 35
16 94
16 54
17 49
17 47
17 23
18 75
18 43
18 53
19 33
19 67
19 27
19 45
19 59
20 43
20 92
21 36
22 42
22 76
22 45
23 35
23 82
23 53
23 28
23 29
24 89
24 26
24 63
25 82
25 52
25 86
25 63
26 32
26 69
26 75
26 47
26 58
26 59
27 48
27 49
27 56
28 36
28 77
28 88
28 93
28 95
29 42
29 54
30 34
30 59
30 60
30 55
31 33
32 88
34 96
34 83
34 87
34 58
35 45
35 46
36 65
36 68
36 83
36 60
37 96
38 39
38 46
38 48
38 94
39 84
40 76
40 44
40 93
40 95
41 82
41 55
42 50
42 59
43 64
43 79
43 80
43 93
44 80
44 49
44 50
44 86
45 84
46 73
46 62
48 65
48 95
49 73
50 64
50 67
50 99
50 83
50 91
51 67
51 78
51 53
51 86
51 91
52 68
53 85
53 93
55 99
56 73
56 90
57 85
58 78
58 80
58 87
59 72
60 64
60 98
60 82
60 94
61 91
61 70
61 62
62 86
62 68
62 95
64 65
64 99
64 79
65 78
69 91
73 77
74 98
74 87
76 80
76 82
76 91
77 87
78 96
80 84
83 93
90 94
91 98
93 98
95 97
