0 16
0 32
0 75
0 29
1 67
1 11
1 4
1 85
2 40
2 97
2 85
2 47
3 17
3 68
3 65
3 49
4 72
4 83
4 30
4 88
5 88
5 66
5 37
5 94
5 53
6 22
7 35
7 41
7 45
7 48
7 51
7 73
8 97
8 35
9 65
9 48
9 19
9 91
9 60
9 63
10 16
10 35
10 27
10 73
10 47
11 42
11 70
12 96
12 59
12 68
12 46
12 50
12 35
12 91
13 30
14 17
14 20
14 22
14 79
15 49
15 93
15 97
16 96
16 40
16 44
16 18
16 55
16 27
16 92
17 96
17 41
17 76
17 77
17 54
18 77
18 54
18 79
19 48
19 74
19 87
19 39
20 32
20 45
20 58
20 92
20 30
21 43
21 70
22 58
23 78
23 55
24 33
24 74
24 44
24 86
25 59
25 86
25 70
26 78
26 53
26 62
27 99
27 36
28 92
28 75
28 44
28 97
28 63
29 49
29 75
29 84
29 88
30 51
30 55
30 52
31 72
31 35
32 49
32 90
32 70
33 72
33 62
33 46
34 36
35 98
35 99
35 49
37 81
38 65
38 78
38 95
39 56
39 42
40 67
40 75
40 82
40 99
41 98
41 69
41 53
41 54
41 55
42 63
42 97
42 62
43 80
43 51
44 74
44 97
45 60
45 51
46 59
47 66
47 69
48 61
49 98
49 63
50 72
51 53
51 58
52 91
52 74
52 59
53 60
54 60
54 97
55 75
55 82
55 84
55 85
56 76
57 86
57 63
58 64
58 86
58 89
58 94
59 99
59 68
59 69
59 88
59 92
60 75
60 92
61 73
61 76
61 70
62 77
63 85
65 79
66 79
67 70
67 96
70 71
75 96
75 93
75 79
77 89
78 88
81 89
82 93
83 85
83 93
86 95
88 96
88 95
90 97
90 91
