0 33
0 5
0 39
0 74
0 53
0 54
0 61
0 30
1 11
1 16
1 89
1 57
1 90
1 62
2 12
2 76
2 14
2 79
2 48
2 81
2 21
3 96
3 99
3 37
3 6
3 45
3 77
3 15
3 48
3 19
3 84
3 57
3 60
4 96
4 65
4 67
4 68
4 6
4 10
4 75
4 77
4 47
4 55
4 87
5 97
5 67
5 36
5 73
5 10
5 80
5 17
5 50
5 22
5 24
5 60
6 33
6 92
6 10
6 17
6 19
6 88
6 25
6 91
6 60
6 95
7 9
7 75
7 16
7 18
7 83
7 55
7 28
7 62
8 66
8 37
8 82
8 25
8 58
8 92
9 34
9 39
9 42
9 13
9 26
9 60
10 69
10 81
10 77
10 79
10 17
10 37
11 72
11 12
11 93
11 21
11 86
11 24
11 26
11 58
11 63
12 96
12 65
12 37
12 39
12 45
12 79
12 83
12 94
13 98
13 76
13 87
13 30
13 63
14 38
14 43
14 46
14 61
14 49
14 84
14 22
14 29
15 64
15 98
15 69
15 72
15 44
15 79
15 24
15 26
15 58
15 30
16 80
16 84
16 21
16 56
16 58
16 59
16 61
17 33
17 44
17 45
17 50
17 53
17 22
17 23
17 25
17 26
17 74
17 62
17 85
18 70
18 49
18 83
18 21
18 88
18 57
18 58
18 91
18 61
19 71
19 77
19 93
19 90
19 59
19 61
20 81
20 90
20 52
20 61
20 70
21 35
21 74
21 57
22 65
22 34
22 63
22 50
22 23
22 27
22 37
23 97
23 68
23 86
23 87
23 47
23 83
23 55
23 95
24 97
24 67
24 53
24 63
25 33
25 67
25 94
26 39
26 44
26 47
26 80
26 53
26 86
26 27
27 33
27 35
27 65
27 40
27 44
27 92
27 29
27 30
28 55
28 39
28 63
29 66
29 59
29 41
29 77
29 53
30 41
30 85
30 86
31 96
31 73
31 60
31 70
31 47
32 99
32 71
32 72
32 45
32 46
32 58
32 95
33 66
33 38
33 49
33 54
33 87
33 95
34 66
34 83
34 79
35 80
35 68
35 70
35 48
35 82
35 51
35 61
36 64
36 98
36 99
36 92
36 47
36 54
36 59
36 60
37 54
37 80
37 72
37 50
37 58
37 95
38 72
38 42
38 75
38 46
38 49
38 53
38 95
39 84
39 91
39 93
40 45
40 79
40 81
40 90
40 59
40 62
41 65
41 99
41 73
41 77
41 48
41 81
41 58
42 98
42 44
42 56
42 61
42 62
43 64
43 96
43 81
43 91
43 94
44 81
44 71
44 72
44 46
44 95
44 84
44 78
44 56
44 58
44 85
44 63
45 98
45 52
45 53
45 87
45 56
45 58
46 72
46 79
46 49
46 84
47 68
47 96
47 51
48 65
48 73
48 87
48 88
48 93
49 69
49 58
49 92
49 93
49 53
50 98
50 86
50 59
50 60
51 96
51 73
51 54
51 55
51 90
52 96
52 67
52 59
52 62
53 70
53 71
53 85
54 64
54 81
54 85
54 59
55 68
55 67
55 78
55 57
56 71
56 84
56 91
56 63
57 71
58 79
58 61
59 67
59 69
59 99
59 81
59 89
60 74
60 86
60 68
60 63
60 69
61 75
61 99
61 85
62 96
62 83
63 65
63 68
63 97
63 83
63 90
64 66
64 68
64 80
64 87
64 88
65 71
65 74
65 92
66 99
66 70
66 71
66 86
66 90
66 91
67 96
67 97
67 90
68 71
68 80
68 95
68 93
69 75
69 87
70 94
70 85
71 80
71 82
72 76
72 77
72 82
75 84
75 92
76 89
76 92
77 96
77 95
78 98
80 83
80 95
81 88
81 94
82 97
83 96
83 93
84 88
85 93
85 87
86 93
87 89
88 98
90 97
93 96
93 95
97 98
