0 27
0 53
0 87
1 52
1 44
2 29
2 85
2 7
3 60
4 71
4 39
4 68
4 31
5 8
5 92
6 98
6 36
6 38
6 10
6 76
6 61
7 68
7 43
7 83
7 54
7 36
7 28
8 98
8 68
8 23
8 84
8 87
9 43
9 37
9 46
10 69
10 72
10 79
10 52
10 86
10 25
11 24
11 74
11 43
11 38
12 89
12 19
13 64
13 44
13 84
13 85
13 22
13 88
13 28
14 24
14 38
15 33
15 98
15 36
15 97
15 76
15 49
15 62
16 96
16 49
16 61
16 77
16 23
17 33
17 19
17 84
17 46
18 98
18 69
18 48
18 20
18 21
18 55
18 28
18 31
19 48
19 97
20 99
21 90
21 74
21 42
22 24
22 91
22 78
23 74
23 53
23 58
23 59
24 72
24 90
24 91
25 65
25 39
25 77
25 58
25 74
25 30
25 63
26 64
26 33
28 33
28 36
28 49
28 85
29 69
29 85
29 63
30 65
30 55
30 44
30 57
30 89
31 75
31 49
31 51
32 44
33 40
33 46
33 80
33 85
34 98
34 95
35 55
36 65
36 54
37 54
37 71
38 48
39 99
39 70
39 46
41 79
43 97
43 45
43 54
43 89
43 63
45 75
45 86
45 63
46 67
46 75
47 96
47 57
47 68
47 62
48 88
48 78
49 80
49 79
49 87
50 52
51 73
51 74
51 82
52 96
52 67
52 79
54 94
55 75
55 96
56 90
56 87
57 96
57 70
57 78
57 87
58 73
60 94
61 89
61 92
61 95
62 90
63 79
63 89
63 90
64 81
65 96
66 97
66 74
66 70
67 72
67 83
67 87
67 90
68 77
69 81
69 75
70 76
70 79
70 87
71 83
72 97
72 98
73 83
74 96
75 76
76 97
76 98
77 96
77 85
77 88
77 93
78 91
79 85
81 84
86 96
88 98
88 95
89 96
