0 67
1 16
1 9
2 96
2 97
2 68
2 47
2 55
2 29
3 80
3 11
4 18
4 92
4 62
4 71
5 8
5 9
5 44
5 30
5 7
6 16
6 74
6 82
7 77
7 53
8 49
8 82
9 40
9 82
9 56
9 25
9 59
9 29
10 37
10 38
10 74
10 75
10 49
10 26
11 80
11 65
11 34
11 99
12 42
13 40
13 81
13 90
14 87
14 67
14 61
14 31
15 33
15 35
15 81
15 50
15 23
15 58
16 28
16 41
17 32
17 35
18 33
18 81
19 56
19 74
19 98
20 74
20 22
21 95
21 23
22 84
22 86
22 30
23 83
23 93
23 86
24 64
24 55
25 64
25 98
25 75
25 59
25 92
26 33
26 68
26 56
26 59
26 95
27 32
27 33
27 64
27 40
28 56
28 54
28 64
29 64
29 91
29 42
29 52
29 56
29 59
30 48
30 58
30 75
31 34
31 68
31 72
31 86
31 89
32 51
32 55
33 39
33 91
34 65
34 71
34 81
34 54
35 39
36 89
36 52
36 79
37 73
37 48
37 58
37 92
37 74
38 59
38 76
39 67
39 42
39 63
40 77
40 45
41 58
41 44
41 61
42 65
42 45
43 68
44 88
44 83
45 73
45 82
45 55
45 74
46 99
46 94
47 64
47 81
47 99
47 50
48 59
49 99
49 68
49 72
49 85
49 61
49 62
50 91
50 82
51 53
51 86
52 55
53 75
54 97
54 75
54 98
54 58
54 63
55 99
55 74
57 60
57 61
57 70
58 96
59 74
61 66
61 72
61 87
61 73
61 92
62 84
62 97
63 81
64 67
64 84
64 90
65 87
68 82
69 89
69 75
69 95
70 88
71 96
72 85
73 90
75 86
76 97
78 93
79 85
80 96
80 84
80 93
81 98
89 90
96 97
