0 25
0 10
0 81
1 98
1 35
1 38
1 72
1 10
1 26
1 74
2 8
2 35
2 69
3 73
4 16
4 40
4 37
4 87
5 18
5 76
5 22
6 95
6 99
6 66
6 51
6 7
7 97
7 69
7 93
8 36
8 70
8 47
8 49
8 52
8 88
9 93
10 70
10 40
11 69
11 78
11 47
11 14
11 87
11 31
12 64
12 83
12 44
12 62
12 54
13 49
13 21
14 34
14 35
14 70
14 72
14 46
14 28
15 17
15 50
15 90
15 30
16 74
16 81
16 82
16 54
16 56
16 26
16 42
17 38
17 45
17 46
17 80
17 82
17 20
17 78
17 84
17 62
17 63
18 89
18 35
18 53
19 64
19 66
19 71
19 44
19 55
20 64
20 81
20 49
21 27
21 92
22 64
22 99
22 69
23 33
23 75
23 73
24 89
25 60
25 83
25 44
26 76
27 33
27 54
27 71
28 35
28 93
29 35
30 82
30 91
31 44
31 39
32 73
32 42
32 91
32 55
33 43
33 84
34 73
35 65
36 73
36 78
36 81
36 55
36 88
38 43
38 89
39 65
39 58
39 55
39 45
40 68
40 70
40 83
40 42
41 99
41 66
41 59
41 46
44 74
44 62
45 49
46 50
47 97
48 87
50 72
50 94
50 70
51 96
51 81
51 75
51 94
52 56
52 75
53 72
53 98
53 69
54 60
55 68
56 84
56 93
57 88
57 89
59 82
59 90
61 91
61 86
61 79
62 65
66 72
66 83
66 84
66 91
67 99
67 91
67 68
68 69
68 86
70 77
70 79
74 82
75 84
79 83
82 85
82 90
85 99
87 98
89 92
90 95
90 94
92 96
94 98
