0 97
0 3
0 7
1 75
1 21
2 68
2 72
2 76
2 77
2 55
2 58
2 90
3 82
3 85
3 63
4 8
4 46
4 79
4 19
4 23
4 25
5 49
5 26
5 93
5 57
6 97
6 76
6 71
7 86
7 9
7 76
7 79
7 21
7 54
7 25
8 96
8 98
8 35
8 13
8 83
8 21
8 95
8 63
9 42
10 65
10 35
10 12
10 80
10 83
10 86
10 95
11 56
11 25
11 51
11 41
12 52
12 50
13 98
13 69
13 18
13 53
13 87
13 92
14 64
14 65
14 61
14 93
15 89
15 44
15 70
15 30
16 59
16 62
16 38
16 87
17 40
17 23
17 55
17 88
17 25
17 94
18 37
18 70
18 84
18 87
18 58
18 28
19 80
20 81
20 28
21 57
21 62
22 32
22 35
22 30
23 52
23 89
23 33
24 57
24 74
24 43
24 95
25 97
25 49
25 41
25 51
25 90
26 98
26 77
26 61
27 41
27 75
27 62
27 30
28 32
28 89
28 74
29 64
29 70
29 79
29 82
29 47
29 60
30 66
30 91
30 81
30 49
30 60
31 72
31 69
31 93
32 50
32 85
32 58
32 60
33 64
33 89
33 83
33 75
34 79
34 36
34 94
34 62
34 39
35 70
35 92
35 61
36 57
36 91
37 53
37 71
38 67
38 76
39 67
39 42
40 56
40 50
40 96
40 47
41 66
41 51
41 61
42 46
43 56
43 78
43 46
43 79
44 52
45 81
45 50
45 74
45 93
46 66
46 48
46 83
46 95
47 97
47 74
47 62
49 76
49 77
49 55
49 90
49 91
49 62
50 73
51 52
51 62
52 77
53 92
55 59
56 96
57 79
58 67
59 81
61 67
61 71
62 64
62 92
63 87
64 78
65 96
68 76
68 98
69 95
69 82
69 75
71 83
72 75
76 96
76 99
78 84
79 94
81 85
83 88
84 91
86 88
86 95
91 92
93 97
93 99
