0 24
0 86
0 70
1 74
1 35
1 87
2 81
2 59
2 6
2 39
3 33
3 18
3 51
3 21
3 97
4 24
4 48
4 58
4 36
4 72
5 26
5 86
5 53
5 6
6 86
6 13
7 49
7 19
7 69
7 46
8 13
9 49
9 52
9 13
9 93
10 48
10 99
10 84
11 94
12 35
12 27
12 84
12 69
13 76
14 64
14 61
15 40
15 19
16 41
16 67
16 37
16 81
17 60
18 48
18 75
18 58
18 39
19 99
19 39
19 45
19 62
20 72
20 66
20 98
20 90
20 69
21 92
21 55
21 57
21 25
21 28
21 31
22 59
22 40
22 78
22 47
22 91
22 92
23 64
23 97
23 26
23 70
24 96
24 36
24 41
24 47
25 70
25 80
25 52
25 57
25 92
25 93
26 70
26 74
26 75
26 77
26 88
26 60
26 29
27 48
27 29
28 72
28 74
28 71
29 69
29 78
30 50
31 81
31 89
32 35
34 44
34 98
34 36
34 93
34 87
36 76
36 43
37 81
37 60
37 61
37 38
38 75
38 44
38 46
39 84
40 42
40 76
40 47
40 57
41 64
41 80
41 88
41 87
42 66
43 79
44 96
44 69
44 82
44 52
45 97
46 98
46 95
46 52
47 86
48 98
49 84
49 51
49 52
50 99
50 89
50 67
50 70
54 77
55 96
55 89
55 85
56 72
57 76
57 77
57 93
59 68
59 77
60 77
60 85
60 61
60 62
61 92
61 81
62 84
62 77
63 67
64 96
64 76
64 77
64 83
65 66
65 76
65 98
66 85
66 87
67 96
67 84
69 74
70 97
70 81
71 98
72 73
72 75
72 76
72 83
73 81
74 93
75 76
77 83
78 86
79 81
79 90
80 87
80 81
82 95
83 90
84 96
86 95
88 98
94 98
