0 40
0 17
0 51
0 13
0 31
1 5
1 83
1 84
1 56
1 90
1 27
2 66
2 67
2 22
2 49
2 53
2 54
2 23
2 91
3 72
3 77
3 46
3 93
3 26
3 90
3 62
4 99
4 23
4 78
4 50
4 83
4 87
4 94
5 18
5 83
5 28
6 83
6 43
6 28
6 53
6 71
7 8
7 65
8 10
8 51
8 24
8 59
8 63
9 18
10 56
10 26
10 61
11 25
11 58
11 60
11 53
11 71
12 72
12 90
12 78
13 38
13 39
13 85
13 56
13 91
14 64
14 18
14 31
15 65
15 36
15 93
16 57
16 69
16 38
16 89
17 48
17 74
17 83
17 47
18 75
18 60
18 47
18 48
18 28
18 93
18 37
19 82
19 43
20 26
20 31
21 74
21 76
21 53
22 65
22 34
23 35
23 71
23 75
23 79
24 32
24 26
24 83
24 52
25 42
26 79
26 51
27 37
27 65
27 46
27 81
27 58
27 92
27 29
28 35
28 47
28 91
29 71
30 88
30 91
30 68
30 94
30 78
31 36
31 78
32 75
32 69
33 72
33 53
34 59
34 76
34 38
35 67
35 41
35 81
35 51
35 53
35 54
36 70
37 95
38 91
38 47
41 48
41 96
43 82
44 99
44 57
44 95
44 65
45 60
45 52
45 85
45 71
46 72
47 78
47 90
48 51
48 70
49 52
50 98
51 68
51 58
51 62
52 63
52 55
53 81
53 93
54 96
54 97
54 68
54 98
54 88
56 74
57 85
58 98
58 91
58 82
58 86
59 67
59 92
60 66
60 79
60 88
60 90
61 91
61 76
62 65
64 90
64 86
68 89
68 76
71 74
71 78
71 91
72 76
72 88
73 84
74 76
74 78
74 83
74 89
76 77
77 88
77 91
78 96
78 99
78 85
79 88
80 85
81 94
83 93
84 85
86 89
91 97
96 98
