0 56
0 96
0 26
0 75
0 42
1 34
1 35
1 60
1 88
1 19
1 24
1 28
2 98
2 67
2 37
2 8
2 10
2 12
2 81
2 82
2 23
2 91
3 66
3 70
3 39
3 41
3 7
3 79
3 88
3 50
3 22
3 24
4 83
4 35
4 90
4 61
4 7
5 33
5 91
5 92
6 56
7 96
7 33
7 9
7 43
7 82
7 67
7 24
7 58
8 68
8 20
8 77
8 55
10 48
10 65
10 82
10 45
11 56
11 18
11 19
11 85
11 15
12 82
12 86
13 33
13 42
13 98
13 85
13 54
14 82
14 31
15 26
15 69
16 81
16 74
16 51
16 97
17 43
18 32
18 71
18 94
18 85
18 62
18 31
19 40
19 73
19 76
19 83
20 57
20 84
21 56
21 96
21 91
21 23
23 37
23 85
23 91
23 61
23 30
24 71
24 43
25 34
25 59
26 48
26 53
27 41
27 93
27 30
29 66
29 61
30 55
30 71
31 36
31 70
31 47
31 52
32 87
33 87
33 71
34 39
34 87
34 56
34 89
35 39
36 42
36 47
36 58
36 86
37 42
38 76
38 53
38 93
38 39
39 46
39 60
40 72
40 92
41 52
41 42
41 44
42 72
42 88
42 93
43 68
43 75
43 83
43 88
44 96
44 85
44 73
45 56
45 80
46 80
46 93
47 48
47 57
47 99
48 66
48 76
48 55
48 94
49 65
49 51
50 71
50 93
50 63
52 83
53 71
53 72
53 73
53 93
55 92
56 59
56 60
57 96
57 95
58 96
58 73
61 76
61 80
61 82
62 81
62 69
62 78
63 91
63 83
63 66
64 73
66 68
66 71
67 98
69 76
69 78
72 85
77 84
77 94
79 92
84 85
85 91
86 91
90 92
90 95
91 94
