 .. .. 3.2773737373737375 
 78 42 3.2464646464646463 
 78 8 3.2185858585858584 
 78 19 3.1903030303030304 
 55 78 3.1616161616161618 
 78 69 3.136767676767677 
 73 78 3.113131313131313 
 78 18 3.0886868686868687 
 2 78 3.068080808080808 
 27 78 3.047070707070707 
 78 36 3.025050505050505 
 40 78 3.003030303030303 
 39 78 2.9814141414141413 
 78 95 2.9616161616161616 
 76 78 2.9426262626262627 
 64 78 2.923232323232323 
 72 78 2.905050505050505 
 54 78 2.888080808080808 
 78 80 2.871111111111111 
 78 87 2.854949494949495 
 20 78 2.838787878787879 
 25 78 2.823838383838384 
 70 78 2.8088888888888888 
 43 78 2.794343434343434 
 63 78 2.77979797979798 
 78 57 2.7656565656565655 
 78 50 2.751919191919192 
 62 78 2.737979797979798 
 9 78 2.7240404040404043 
 32 78 2.7103030303030304 
 44 78 2.696767676767677 
 78 79 2.6832323232323234 
 78 7 2.66969696969697 
 78 82 2.656161616161616 
 78 92 2.6424242424242426 
 78 84 2.6286868686868687 
 16 78 2.6151515151515152 
 33 78 2.602020202020202 
 41 78 2.5886868686868687 
 52 78 2.5755555555555554 
 49 78 2.5628282828282827 
 14 78 2.5503030303030303 
 15 78 2.537777777777778 
 59 78 2.525252525252525 
 78 86 2.5127272727272727 
 78 97 2.5 
 29 78 2.4872727272727273 
 34 78 2.474747474747475 
 46 78 2.462020202020202 
 66 78 2.449292929292929 
 78 94 2.4365656565656564 
