 .. .. 3.417777777777778 
 96 34 3.3765656565656568 
 97 58 3.338989898989899 
 16 80 3.3088888888888888 
 19 88 3.2795959595959596 
 96 6 3.2511111111111113 
 81 96 3.2244444444444444 
 55 70 3.201616161616162 
 12 58 3.18 
 39 16 3.159393939393939 
 55 58 3.1387878787878787 
 55 72 3.1195959595959595 
 36 58 3.1014141414141414 
 58 19 3.082020202020202 
 37 55 3.064040404040404 
 38 55 3.046060606060606 
 55 56 3.0290909090909093 
 55 62 3.0125252525252524 
 21 55 2.9975757575757576 
 55 66 2.983030303030303 
 7 55 2.968080808080808 
 13 55 2.952929292929293 
 87 55 2.937777777777778 
 33 55 2.9224242424242424 
 3 55 2.9072727272727272 
 52 55 2.892121212121212 
 22 55 2.8773737373737376 
 55 57 2.862020202020202 
 55 71 2.847272727272727 
 93 55 2.8327272727272725 
 35 55 2.818989898989899 
 34 55 2.805050505050505 
 91 55 2.7907070707070707 
 31 55 2.777171717171717 
 83 55 2.764040404040404 
 78 55 2.7511111111111113 
 1 55 2.7383838383838386 
 26 55 2.7258585858585858 
 11 55 2.7133333333333334 
 76 55 2.7006060606060607 
 43 55 2.6880808080808083 
 50 55 2.6755555555555555 
 55 61 2.6632323232323234 
 55 73 2.651111111111111 
 80 55 2.638989898989899 
 6 55 2.6272727272727274 
 55 64 2.6153535353535355 
 95 55 2.6034343434343437 
 55 69 2.5915151515151513 
 81 55 2.5795959595959594 
 55 65 2.568080808080808 
