 .. .. 3.403636363636364 
 32 76 3.3682828282828283 
 26 11 3.3341414141414143 
 50 76 3.3018181818181818 
 59 98 3.2773737373737375 
 3 76 3.253131313131313 
 53 76 3.2305050505050503 
 76 95 3.207878787878788 
 76 22 3.186060606060606 
 76 60 3.1636363636363636 
 76 27 3.1424242424242426 
 63 76 3.120808080808081 
 76 81 3.1002020202020204 
 45 76 3.0795959595959594 
 1 76 3.0591919191919192 
 76 94 3.0387878787878786 
 49 76 3.0179797979797978 
 68 76 2.9971717171717174 
 58 76 2.977979797979798 
 8 76 2.9602020202020203 
 54 76 2.9426262626262627 
 20 76 2.924848484848485 
 76 99 2.907676767676768 
 33 76 2.890909090909091 
 71 76 2.8741414141414143 
 76 82 2.8573737373737376 
 76 89 2.841010101010101 
 30 76 2.8248484848484847 
 76 91 2.8088888888888888 
 56 76 2.7933333333333334 
 76 86 2.7777777777777777 
 19 76 2.7626262626262625 
 17 76 2.747272727272727 
 35 76 2.7323232323232323 
 42 76 2.7175757575757578 
 43 76 2.702828282828283 
 41 76 2.6880808080808083 
 15 76 2.6735353535353537 
 51 76 2.6591919191919193 
 10 76 2.6454545454545455 
 11 76 2.6317171717171717 
 76 78 2.617979797979798 
 9 76 2.6046464646464647 
 14 76 2.5915151515151513 
 76 79 2.5783838383838384 
 6 76 2.565252525252525 
 31 76 2.552323232323232 
 5 76 2.5395959595959594 
 12 76 2.5268686868686867 
 76 90 2.513939393939394 
 73 76 2.501212121212121 
