 .. .. 3.515959595959596 
 89 66 3.4765656565656564 
 27 14 3.442222222222222 
 68 17 3.4145454545454546 
 17 73 3.3882828282828283 
 93 17 3.36020202020202 
 17 87 3.3307070707070707 
 17 21 3.298989898989899 
 76 17 3.267878787878788 
 25 17 3.23979797979798 
 8 17 3.212727272727273 
 58 17 3.1854545454545455 
 51 17 3.16020202020202 
 17 61 3.133737373737374 
 17 29 3.1076767676767676 
 89 17 3.0814141414141414 
 37 17 3.0555555555555554 
 97 17 3.033737373737374 
 77 17 3.0117171717171716 
 17 22 2.991111111111111 
 71 17 2.97010101010101 
 95 17 2.948888888888889 
 60 17 2.9292929292929295 
 39 17 2.911111111111111 
 40 17 2.8933333333333335 
 17 53 2.875757575757576 
 9 17 2.8577777777777778 
 48 17 2.84 
 3 17 2.8226262626262626 
 17 24 2.8062626262626265 
 13 17 2.79010101010101 
 43 17 2.7743434343434346 
 86 17 2.758787878787879 
 96 17 2.743232323232323 
 17 23 2.727878787878788 
 57 17 2.7129292929292927 
 85 17 2.6981818181818182 
 5 17 2.6836363636363636 
 92 17 2.669090909090909 
 67 17 2.654949494949495 
 59 17 2.640808080808081 
 88 17 2.6266666666666665 
 90 17 2.6125252525252525 
 33 17 2.5985858585858588 
 30 17 2.584848484848485 
 34 17 2.571111111111111 
 42 17 2.557171717171717 
 47 17 2.5432323232323233 
 75 17 2.529292929292929 
 49 17 2.5153535353535355 
 65 17 2.5014141414141413 
