 .. .. 3.3741414141414143 
 60 13 3.339191919191919 
 92 60 3.304242424242424 
 98 31 3.275757575757576 
 60 95 3.2523232323232323 
 60 24 3.227272727272727 
 60 70 3.2032323232323234 
 60 16 3.1785858585858584 
 37 60 3.1525252525252525 
 26 60 3.1298989898989897 
 84 60 3.1066666666666665 
 4 60 3.082626262626263 
 60 73 3.0585858585858587 
 60 25 3.0383838383838384 
 60 71 3.021212121212121 
 96 60 3.005252525252525 
 45 60 2.988888888888889 
 47 60 2.9725252525252523 
 32 60 2.9563636363636365 
 7 60 2.9393939393939394 
 54 60 2.922828282828283 
 89 60 2.9066666666666667 
 97 60 2.8905050505050505 
 57 60 2.8745454545454545 
 20 60 2.859191919191919 
 39 60 2.8442424242424242 
 81 60 2.829090909090909 
 60 74 2.8137373737373736 
 90 60 2.798383838383838 
 22 60 2.7836363636363637 
 41 60 2.7684848484848485 
 75 60 2.7533333333333334 
 27 60 2.7383838383838386 
 55 60 2.7232323232323234 
 60 72 2.707878787878788 
 33 60 2.692727272727273 
 79 60 2.6775757575757577 
 52 60 2.663030303030303 
 85 60 2.649090909090909 
 15 60 2.6353535353535356 
 31 60 2.6218181818181816 
 60 66 2.6084848484848484 
 60 68 2.5953535353535355 
 6 60 2.582222222222222 
 17 60 2.569292929292929 
 88 60 2.5561616161616163 
 21 60 2.543030303030303 
 29 60 2.53010101010101 
 99 60 2.516969696969697 
 60 69 2.5038383838383838 
 60 61 2.4909090909090907 
