 .. .. 3.2214141414141415 
 7 28 3.190909090909091 
 76 46 3.168282828282828 
 62 73 3.1458585858585857 
 81 8 3.125050505050505 
 62 10 3.1058585858585857 
 62 3 3.0872727272727274 
 62 46 3.0705050505050506 
 62 44 3.052929292929293 
 62 31 3.0357575757575757 
 62 18 3.017777777777778 
 80 62 3.002222222222222 
 32 46 2.988080808080808 
 62 39 2.9743434343434343 
 62 76 2.9604040404040406 
 62 20 2.9464646464646465 
 62 26 2.932121212121212 
 54 62 2.9171717171717173 
 62 37 2.903030303030303 
 62 17 2.8884848484848487 
 62 74 2.8737373737373737 
 62 9 2.858787878787879 
 62 11 2.8452525252525254 
 62 15 2.8315151515151515 
 53 62 2.8175757575757574 
 62 30 2.8044444444444445 
 1 62 2.7907070707070707 
 36 62 2.7773737373737375 
 19 62 2.764242424242424 
 62 48 2.751313131313131 
 82 62 2.7383838383838386 
 62 72 2.7254545454545456 
 78 62 2.7125252525252526 
 87 62 2.69979797979798 
 62 94 2.6874747474747473 
 62 85 2.675353535353535 
 42 62 2.6632323232323234 
 59 62 2.651111111111111 
 0 62 2.6391919191919193 
 12 62 2.6272727272727274 
 24 62 2.6153535353535355 
 62 67 2.6034343434343437 
 84 62 2.5915151515151513 
 88 62 2.5795959595959594 
 89 62 2.5674747474747477 
 50 62 2.5555555555555554 
 62 65 2.5434343434343436 
 62 63 2.5313131313131314 
 99 62 2.519191919191919 
 90 62 2.5072727272727273 
 56 62 2.4953535353535354 
