 .. .. 3.444848484848485 
 64 70 3.3985858585858586 
 23 61 3.359191919191919 
 93 29 3.3270707070707073 
 94 64 3.294343434343434 
 64 79 3.266868686868687 
 29 60 3.2418181818181817 
 64 7 3.217979797979798 
 95 64 3.1951515151515153 
 76 64 3.1725252525252525 
 64 11 3.151111111111111 
 61 64 3.1286868686868687 
 17 64 3.104848484848485 
 64 74 3.0797979797979798 
 64 71 3.058989898989899 
 78 64 3.0375757575757576 
 43 64 3.0157575757575756 
 83 64 2.993333333333333 
 12 64 2.971111111111111 
 30 64 2.9513131313131313 
 51 64 2.932121212121212 
 81 64 2.9125252525252527 
 1 64 2.8935353535353534 
 0 64 2.8753535353535353 
 88 64 2.857979797979798 
 8 64 2.840606060606061 
 77 64 2.824242424242424 
 89 64 2.807878787878788 
 46 64 2.791919191919192 
 3 64 2.7759595959595957 
 64 66 2.7616161616161614 
 36 64 2.7474747474747474 
 21 64 2.7335353535353537 
 35 64 2.7193939393939393 
 53 64 2.705656565656566 
 85 64 2.691919191919192 
 87 64 2.6785858585858584 
 44 64 2.665252525252525 
 57 64 2.652323232323232 
 80 64 2.639393939393939 
 20 64 2.6264646464646466 
 60 64 2.6135353535353536 
 13 64 2.600808080808081 
 16 64 2.588080808080808 
 18 64 2.5753535353535355 
 22 64 2.562626262626263 
 32 64 2.54969696969697 
 64 69 2.536767676767677 
 14 64 2.524040404040404 
 4 64 2.5113131313131314 
 63 64 2.4983838383838384 
