 .. .. 3.553131313131313 
 27 23 3.498181818181818 
 22 73 3.4496969696969697 
 3 62 3.4092929292929295 
 3 45 3.365050505050505 
 93 3 3.3307070707070707 
 80 73 3.3012121212121213 
 87 41 3.2735353535353537 
 3 6 3.247070707070707 
 0 3 3.2240404040404043 
 3 8 3.20020202020202 
 3 92 3.1773737373737374 
 46 3 3.1535353535353536 
 95 3 3.13010101010101 
 34 3 3.1066666666666665 
 71 3 3.081818181818182 
 3 49 3.0565656565656565 
 36 3 3.035151515151515 
 97 3 3.0145454545454546 
 3 82 2.994747474747475 
 3 59 2.9753535353535354 
 3 20 2.957373737373737 
 3 48 2.9393939393939394 
 3 84 2.921818181818182 
 39 3 2.9038383838383837 
 55 3 2.8864646464646464 
 3 9 2.8694949494949493 
 88 3 2.853131313131313 
 43 3 2.8375757575757574 
 52 3 2.8222222222222224 
 3 13 2.807272727272727 
 3 37 2.793131313131313 
 3 24 2.778989898989899 
 3 65 2.7644444444444445 
 76 3 2.75010101010101 
 3 4 2.7363636363636363 
 63 3 2.722828282828283 
 68 3 2.709090909090909 
 77 3 2.6955555555555555 
 3 5 2.682020202020202 
 2 3 2.6684848484848485 
 31 3 2.654949494949495 
 3 22 2.6414141414141414 
 32 3 2.627878787878788 
 27 3 2.6143434343434344 
 78 3 2.6006060606060606 
 40 3 2.587070707070707 
 61 3 2.5735353535353536 
 81 3 2.56 
 3 21 2.5464646464646465 
 3 11 2.5331313131313133 
