 .. .. 3.381010101010101 
 60 96 3.3024242424242423 
 27 28 3.2733333333333334 
 96 33 3.2444444444444445 
 37 96 3.2206060606060607 
 24 96 3.1947474747474747 
 32 96 3.1694949494949496 
 96 23 3.143838383838384 
 81 96 3.1183838383838385 
 92 96 3.0939393939393938 
 96 99 3.069090909090909 
 51 96 3.0444444444444443 
 96 34 3.020808080808081 
 42 96 2.998989898989899 
 0 96 2.978181818181818 
 48 96 2.958181818181818 
 96 71 2.937777777777778 
 96 41 2.9175757575757575 
 2 96 2.8971717171717173 
 3 96 2.8777777777777778 
 56 96 2.8608080808080807 
 82 96 2.844040404040404 
 35 96 2.827676767676768 
 76 96 2.8115151515151515 
 64 96 2.794949494949495 
 94 96 2.778383838383838 
 50 96 2.762020202020202 
 59 96 2.7456565656565655 
 93 96 2.73010101010101 
 5 96 2.7147474747474747 
 53 96 2.6991919191919194 
 96 14 2.6840404040404042 
 1 96 2.669090909090909 
 40 96 2.654141414141414 
 91 96 2.64 
 12 96 2.626060606060606 
 26 96 2.612323232323232 
 95 96 2.5985858585858588 
 73 96 2.5850505050505053 
 20 96 2.5717171717171716 
 27 96 2.5583838383838384 
 80 96 2.5450505050505052 
 44 96 2.5323232323232325 
 78 96 2.5195959595959594 
 22 96 2.507070707070707 
 38 96 2.4945454545454546 
 9 96 2.4820202020202022 
 84 96 2.4694949494949494 
 4 96 2.457373737373737 
 66 96 2.445050505050505 
 54 96 2.432929292929293 
