 .. .. 3.4727272727272727 
 3 16 3.3678787878787877 
 2 34 3.3252525252525253 
 85 16 3.2892929292929294 
 49 7 3.2608080808080806 
 69 7 3.2337373737373736 
 57 34 3.206868686868687 
 56 7 3.1824242424242426 
 99 7 3.1606060606060606 
 77 7 3.1387878787878787 
 93 7 3.116969696969697 
 90 7 3.093737373737374 
 64 7 3.0715151515151513 
 7 16 3.0494949494949495 
 54 7 3.028888888888889 
 28 7 3.0096969696969698 
 59 7 2.9927272727272727 
 40 7 2.9755555555555557 
 32 7 2.958181818181818 
 61 7 2.9408080808080808 
 89 7 2.923232323232323 
 55 7 2.905858585858586 
 86 7 2.8886868686868685 
 52 7 2.871717171717172 
 7 17 2.855151515151515 
 7 20 2.8383838383838382 
 78 7 2.821818181818182 
 7 15 2.806060606060606 
 65 7 2.7907070707070707 
 6 7 2.7759595959595957 
 74 7 2.7612121212121212 
 97 7 2.7464646464646463 
 95 7 2.731919191919192 
 7 25 2.7177777777777776 
 51 7 2.7036363636363636 
 7 22 2.6894949494949496 
 83 7 2.675353535353535 
 7 14 2.6616161616161618 
 37 7 2.6476767676767676 
 75 7 2.633737373737374 
 80 7 2.62 
 35 7 2.6066666666666665 
 84 7 2.5933333333333333 
 5 7 2.5804040404040403 
 7 12 2.5672727272727274 
 29 7 2.554141414141414 
 45 7 2.541010101010101 
 46 7 2.528080808080808 
 70 7 2.514949494949495 
 62 7 2.501818181818182 
 79 7 2.4886868686868686 
