 .. .. 2.417373737373737 
 61 74 2.4105050505050505 
 36 82 2.4038383838383837 
 37 73 2.398181818181818 
 82 7 2.392929292929293 
 89 61 2.3878787878787877 
 14 29 2.383030303030303 
 53 73 2.3785858585858586 
 47 61 2.374343434343434 
 87 61 2.36989898989899 
 36 61 2.3656565656565656 
 61 69 2.3612121212121213 
 49 71 2.3571717171717173 
 3 31 2.353131313131313 
 81 61 2.3492929292929294 
 31 35 2.3456565656565656 
 31 53 2.342020202020202 
 31 39 2.3381818181818184 
 76 20 2.3345454545454545 
 84 7 2.330909090909091 
 8 61 2.3274747474747475 
 14 61 2.323838383838384 
 91 61 2.32 
 61 64 2.316161616161616 
 18 61 2.312121212121212 
 9 61 2.308080808080808 
 22 61 2.304040404040404 
 83 61 2.29979797979798 
 86 61 2.2955555555555556 
 26 61 2.291313131313131 
 37 61 2.286868686868687 
 60 61 2.2824242424242422 
 25 61 2.277979797979798 
 41 61 2.2733333333333334 
 52 61 2.2684848484848485 
 40 61 2.2636363636363637 
 61 68 2.2585858585858585 
 61 72 2.2535353535353537 
 45 61 2.2484848484848485 
 92 61 2.243232323232323 
 0 61 2.2381818181818183 
 88 61 2.2329292929292928 
 95 61 2.2274747474747474 
 34 61 2.222020202020202 
 33 61 2.2165656565656566 
 42 61 2.2111111111111112 
 51 61 2.205656565656566 
 28 61 2.20020202020202 
 55 61 2.1945454545454544 
 48 61 2.188888888888889 
 49 61 2.1832323232323234 
