0 35
0 71
0 46
0 47
0 48
0 82
0 99
0 14
0 59
0 92
0 95
1 98
1 36
1 43
1 61
1 49
1 50
1 83
1 29
1 94
2 96
2 65
2 69
2 7
2 42
2 76
2 47
2 74
2 54
2 84
2 61
2 31
3 66
3 27
3 47
4 66
4 7
4 45
4 46
4 88
4 20
4 85
4 54
4 24
4 89
5 65
5 13
5 18
5 51
5 84
5 53
5 62
6 11
6 76
6 16
6 18
6 51
6 85
6 87
6 56
7 73
7 98
7 19
7 53
7 54
7 60
8 56
8 25
8 50
8 46
8 49
9 82
9 98
9 13
9 22
10 35
10 70
10 42
10 51
10 23
10 90
11 98
11 86
11 71
11 72
11 13
11 47
11 81
11 22
11 56
11 90
11 79
11 61
11 94
12 70
12 45
12 49
12 85
12 22
12 61
12 63
13 14
13 15
13 83
13 22
13 41
13 86
14 67
14 68
14 73
14 46
15 33
15 37
15 71
15 18
15 51
15 52
15 29
15 69
16 74
17 98
17 67
17 53
17 88
17 57
17 27
17 60
18 96
18 34
18 59
18 36
18 84
18 22
18 27
18 30
19 90
19 68
19 46
20 35
20 74
20 78
20 21
20 88
20 95
21 62
22 35
22 69
22 40
22 83
22 87
22 24
22 27
23 36
23 73
23 76
23 49
23 52
23 53
23 89
23 61
23 30
24 32
24 54
24 57
24 30
25 65
25 37
25 42
25 44
25 46
25 85
25 88
25 59
25 28
25 74
25 69
26 89
26 50
26 51
26 29
26 97
27 73
27 43
27 45
27 92
27 61
27 30
28 79
28 50
28 51
28 85
28 59
28 62
28 95
29 73
29 85
29 86
29 57
29 63
30 32
30 34
30 75
30 89
30 58
30 94
31 68
31 41
31 76
31 88
31 93
32 78
32 92
32 61
32 95
33 34
33 36
33 37
33 77
33 46
34 51
34 87
34 90
34 59
35 66
36 89
36 60
36 93
37 69
37 72
37 78
37 54
37 57
37 86
38 56
38 50
38 47
39 72
39 76
39 47
39 59
39 92
39 62
40 65
40 83
40 77
40 73
41 56
41 74
41 84
42 69
42 47
42 49
42 53
42 55
42 56
42 92
43 97
43 73
43 77
43 82
43 90
43 61
44 69
44 76
44 46
44 83
44 56
44 61
45 98
45 49
46 67
46 51
46 78
46 93
47 83
47 53
48 79
48 84
48 53
48 60
48 62
49 98
49 78
49 91
49 92
50 83
50 54
51 65
51 97
51 66
51 57
51 61
52 80
52 82
53 77
53 79
54 76
54 79
55 65
55 59
55 68
55 86
56 68
57 71
58 65
58 69
58 81
58 82
58 93
59 68
59 71
59 98
59 90
59 94
60 82
61 77
61 78
61 75
61 94
62 80
62 72
63 81
63 79
63 71
64 98
64 83
65 99
65 87
65 78
65 82
65 84
65 69
66 98
66 75
66 77
66 79
66 92
67 74
67 89
67 95
68 83
68 81
68 84
69 73
70 89
71 91
71 77
71 80
71 94
72 77
73 82
74 82
74 99
74 89
75 76
75 80
75 81
75 94
75 95
77 78
77 94
78 85
79 96
80 92
80 94
80 95
81 97
81 92
81 93
82 87
82 83
83 96
83 93
84 99
85 99
85 88
86 99
86 92
87 91
87 95
88 97
90 92
90 94
92 93
95 98
95 99
