 .. .. 2.444040404040404 
 54 56 2.4357575757575756 
 49 16 2.4284848484848487 
 78 8 2.4214141414141412 
 44 56 2.4145454545454546 
 41 85 2.407676767676768 
 49 12 2.4012121212121214 
 46 15 2.394949494949495 
 4 56 2.389090909090909 
 3 13 2.3844444444444446 
 43 61 2.3797979797979796 
 90 60 2.3755555555555556 
 24 78 2.3713131313131313 
 49 24 2.367070707070707 
 85 88 2.362828282828283 
 49 54 2.358787878787879 
 83 85 2.354747474747475 
 32 40 2.3507070707070707 
 33 56 2.346868686868687 
 92 74 2.3430303030303032 
 14 47 2.3393939393939394 
 2 15 2.335757575757576 
 8 58 2.3323232323232324 
 85 66 2.328888888888889 
 85 7 2.3254545454545457 
 44 85 2.321818181818182 
 85 1 2.3181818181818183 
 85 96 2.314343434343434 
 31 85 2.3105050505050504 
 85 92 2.3066666666666666 
 85 16 2.302828282828283 
 85 53 2.298989898989899 
 3 85 2.294949494949495 
 85 11 2.2907070707070707 
 85 59 2.2864646464646463 
 85 10 2.2822222222222224 
 75 85 2.2777777777777777 
 85 93 2.273131313131313 
 23 85 2.2684848484848485 
 85 55 2.263838383838384 
 85 54 2.259191919191919 
 63 85 2.2543434343434345 
 79 85 2.2492929292929293 
 47 85 2.244242424242424 
 46 85 2.2391919191919194 
 70 85 2.233939393939394 
 50 85 2.228686868686869 
 78 85 2.2234343434343433 
 0 85 2.2181818181818183 
 4 85 2.212727272727273 
 85 86 2.207070707070707 
