 .. .. 2.4593939393939395 
 11 21 2.449292929292929 
 62 89 2.441818181818182 
 11 16 2.4353535353535354 
 38 11 2.429090909090909 
 60 11 2.4238383838383837 
 41 77 2.418787878787879 
 68 89 2.4137373737373737 
 70 11 2.408888888888889 
 11 64 2.404040404040404 
 11 97 2.3993939393939394 
 11 91 2.3945454545454545 
 11 52 2.3896969696969697 
 46 11 2.3846464646464645 
 3 11 2.38020202020202 
 11 40 2.375757575757576 
 11 88 2.3713131313131313 
 48 11 2.3666666666666667 
 8 11 2.362020202020202 
 9 11 2.3571717171717173 
 11 19 2.3523232323232324 
 11 20 2.347272727272727 
 96 11 2.342020202020202 
 32 11 2.336969696969697 
 26 11 2.3319191919191917 
 55 11 2.3266666666666667 
 45 11 2.3214141414141416 
 58 11 2.3159595959595958 
 67 11 2.3103030303030305 
 76 11 2.3048484848484847 
 29 11 2.2993939393939393 
 31 11 2.293939393939394 
 33 11 2.2882828282828283 
 62 11 2.2824242424242422 
 63 11 2.2763636363636364 
 10 11 2.2703030303030305 
 11 24 2.264040404040404 
 99 11 2.2577777777777777 
 39 11 2.2515151515151515 
 11 14 2.2452525252525253 
 34 11 2.238989898989899 
 35 11 2.2325252525252526 
 50 11 2.2258585858585858 
 80 11 2.218989898989899 
 11 17 2.212121212121212 
 84 11 2.2052525252525252 
 11 12 2.1983838383838386 
 7 11 2.1915151515151514 
 11 15 2.1844444444444444 
 41 11 2.1773737373737374 
 57 11 2.17010101010101 
