 .. .. 2.3430303030303032 
 93 68 2.335757575757576 
 97 68 2.32989898989899 
 49 58 2.325050505050505 
 96 4 2.32020202020202 
 3 58 2.3159595959595958 
 92 58 2.3115151515151515 
 26 58 2.307272727272727 
 41 58 2.302828282828283 
 80 58 2.2981818181818183 
 14 58 2.2937373737373736 
 31 58 2.2894949494949497 
 34 58 2.2852525252525253 
 93 58 2.2808080808080806 
 95 58 2.276161616161616 
 83 58 2.2715151515151515 
 58 74 2.2670707070707072 
 97 58 2.2624242424242422 
 10 58 2.257979797979798 
 51 58 2.2533333333333334 
 58 60 2.2484848484848485 
 32 58 2.243838383838384 
 58 65 2.238989898989899 
 87 58 2.233939393939394 
 58 73 2.2288888888888887 
 58 59 2.223838383838384 
 79 58 2.2185858585858584 
 39 58 2.2135353535353537 
 40 58 2.208282828282828 
 98 58 2.202828282828283 
 1 58 2.1975757575757577 
 99 58 2.192121212121212 
 17 58 2.1866666666666665 
 24 58 2.181212121212121 
 4 58 2.175757575757576 
 58 70 2.1703030303030304 
 78 58 2.1646464646464647 
 81 58 2.158989898989899 
 30 58 2.1533333333333333 
 77 58 2.1476767676767676 
 23 58 2.142020202020202 
 56 58 2.1361616161616164 
 25 58 2.1305050505050507 
 75 58 2.124848484848485 
 15 58 2.1191919191919193 
 29 58 2.1133333333333333 
 50 58 2.1074747474747473 
 16 58 2.1016161616161617 
 33 58 2.0957575757575757 
 43 58 2.08969696969697 
 58 66 2.0834343434343436 
