0 64
0 36
0 75
0 50
0 85
0 25
1 63
1 75
1 19
1 5
1 53
2 33
2 34
2 4
2 49
2 18
2 22
2 27
2 31
3 8
3 73
3 52
4 66
4 34
4 68
4 98
4 7
4 18
4 20
5 75
5 36
5 70
5 38
5 43
5 80
5 49
5 83
5 21
5 60
6 67
6 82
6 20
6 53
6 86
6 89
7 33
7 39
7 42
7 53
7 22
7 63
8 65
8 36
8 74
8 14
8 79
8 17
8 22
8 55
8 57
8 58
8 28
8 93
8 31
9 56
9 12
9 78
10 44
10 45
10 80
10 52
10 61
10 63
11 67
11 50
11 59
12 97
12 35
12 36
12 95
12 13
12 80
12 59
12 91
12 20
12 27
12 93
12 31
13 34
13 36
13 78
13 15
13 80
13 20
13 84
13 90
14 65
14 41
14 81
14 53
14 56
15 64
15 34
15 99
15 36
15 86
15 75
15 44
15 93
15 49
15 84
15 22
15 98
15 27
15 61
16 98
16 38
16 60
16 49
16 84
16 87
16 28
17 69
17 44
17 72
17 20
17 22
17 87
17 90
17 95
18 38
18 47
18 56
18 26
18 91
18 28
18 30
19 99
19 87
20 99
20 60
21 35
21 79
21 83
21 84
21 85
21 55
21 58
21 60
21 62
22 68
22 43
22 76
22 40
22 89
22 92
23 35
23 68
23 76
23 51
23 57
23 27
24 66
24 37
24 43
24 57
24 92
24 95
25 36
25 28
25 77
25 48
26 64
26 66
26 68
26 49
26 53
26 89
26 92
27 96
27 97
27 40
27 95
27 63
28 96
28 35
28 70
28 55
28 91
29 67
29 75
29 45
29 80
29 51
29 54
30 66
30 71
30 40
30 74
30 46
30 57
30 91
31 96
31 33
31 36
31 75
31 52
31 56
31 60
32 72
32 86
32 77
32 70
32 79
33 41
33 59
34 42
34 75
35 70
35 60
35 83
35 91
36 41
36 84
36 63
36 93
36 69
37 97
37 73
37 76
37 86
37 93
38 96
38 72
38 62
39 40
39 70
39 46
40 64
40 91
40 77
40 53
40 90
40 92
40 62
41 98
41 83
42 51
43 64
43 69
43 47
43 81
43 90
44 71
44 83
44 85
44 94
45 68
45 73
45 82
45 63
46 98
46 75
47 71
47 54
47 87
47 92
47 94
48 64
48 65
48 51
48 86
48 93
49 51
49 79
50 72
50 76
50 87
50 59
51 80
51 70
51 92
51 85
51 55
51 60
52 68
52 53
52 58
52 85
53 83
53 78
54 56
54 87
55 97
55 83
55 87
55 93
56 70
56 76
56 82
56 90
56 95
57 83
57 89
57 60
59 84
59 87
60 97
60 68
60 77
60 81
60 85
61 98
62 99
62 78
63 93
64 77
64 81
65 69
65 84
65 91
65 94
65 95
66 79
66 95
67 75
67 78
67 86
67 94
67 95
68 86
68 84
68 95
69 97
69 74
69 78
69 93
70 98
71 73
71 76
71 79
71 81
71 85
72 74
72 93
73 98
73 77
73 80
74 97
74 83
74 89
75 76
76 94
77 99
77 92
78 86
78 87
78 85
81 91
81 94
81 95
85 89
86 88
87 92
88 92
89 91
90 93
93 94
