 .. .. 2.422828282828283 
 82 89 2.4145454545454546 
 89 11 2.4078787878787877 
 10 89 2.4016161616161615 
 51 89 2.395151515151515 
 60 94 2.3892929292929295 
 0 42 2.3836363636363638 
 58 60 2.3783838383838383 
 89 28 2.3733333333333335 
 14 97 2.3686868686868685 
 60 90 2.364040404040404 
 53 60 2.3593939393939394 
 60 86 2.354949494949495 
 75 89 2.3507070707070707 
 9 89 2.3464646464646464 
 1 41 2.3424242424242423 
 65 89 2.3383838383838382 
 89 92 2.3341414141414143 
 89 94 2.3296969696969696 
 59 89 2.3256565656565655 
 63 89 2.3214141414141416 
 4 89 2.3173737373737375 
 58 89 2.313131313131313 
 69 89 2.308686868686869 
 5 89 2.304242424242424 
 76 89 2.2995959595959596 
 89 96 2.2947474747474748 
 89 45 2.28989898989899 
 1 89 2.285050505050505 
 12 89 2.28020202020202 
 53 89 2.2751515151515154 
 81 89 2.26989898989899 
 20 89 2.264646464646465 
 23 89 2.259191919191919 
 83 89 2.2537373737373736 
 0 89 2.248282828282828 
 62 89 2.2426262626262625 
 54 89 2.236969696969697 
 39 89 2.231313131313131 
 64 89 2.2254545454545456 
 49 89 2.2195959595959596 
 43 89 2.2137373737373736 
 44 89 2.2076767676767677 
 52 89 2.201616161616162 
 8 89 2.1955555555555555 
 68 89 2.1894949494949496 
 25 89 2.1834343434343433 
 29 89 2.177171717171717 
 32 89 2.170909090909091 
 40 89 2.1644444444444444 
 70 89 2.157979797979798 
