0 99
0 38
0 71
0 72
0 45
0 20
0 54
0 55
0 29
1 51
1 35
1 70
1 97
1 74
1 80
1 19
1 92
2 35
2 36
2 40
2 42
2 44
2 50
2 77
2 18
2 27
2 28
2 62
3 34
3 69
3 7
3 46
3 84
3 14
3 57
3 60
4 66
4 73
4 45
4 54
4 27
4 63
5 65
5 68
5 70
5 10
5 13
5 50
5 52
5 25
6 37
6 38
6 71
6 79
6 16
6 18
6 52
6 89
6 87
6 84
6 69
7 32
7 98
7 75
7 46
7 82
7 22
7 27
7 92
7 30
8 33
8 40
8 82
8 15
8 17
8 18
8 55
9 97
9 78
9 47
9 81
9 22
9 29
10 35
10 36
10 48
10 27
10 29
10 94
11 67
11 69
11 72
11 15
11 49
11 20
11 21
11 22
11 28
11 62
12 92
12 26
12 91
12 44
12 82
13 76
13 20
13 53
13 86
13 62
14 32
14 65
14 75
14 49
14 51
14 20
14 27
14 94
14 63
15 66
15 71
15 79
15 85
16 72
16 73
16 50
16 92
16 30
17 98
17 73
17 21
17 59
17 62
17 53
18 64
18 67
18 68
18 37
18 42
18 50
18 57
18 90
19 68
19 40
19 42
19 75
19 81
19 85
19 93
20 66
20 73
20 86
20 24
20 94
21 96
21 70
21 38
21 71
21 74
21 80
21 51
21 95
21 61
21 63
22 44
22 23
22 88
23 83
23 35
23 37
23 42
23 51
23 58
23 28
23 61
23 95
24 68
24 37
24 39
24 72
24 46
24 85
24 86
24 56
25 97
25 98
25 71
25 41
25 50
26 73
26 50
26 70
26 62
27 37
27 44
27 82
27 83
27 46
27 94
27 31
28 93
28 62
29 64
29 66
29 69
29 38
29 78
29 83
29 85
29 55
30 65
30 76
30 77
30 50
31 98
31 40
31 74
31 77
31 78
32 71
32 78
32 49
32 51
32 53
32 91
33 37
33 42
33 94
33 53
33 54
33 58
33 59
33 85
33 63
34 48
34 66
34 86
35 96
35 58
36 95
37 98
37 76
37 51
38 39
38 74
38 46
38 82
39 82
39 90
40 76
40 46
40 48
40 49
40 94
41 92
41 60
41 53
41 78
42 97
42 45
43 70
43 60
43 54
43 46
44 60
44 92
44 94
45 76
45 52
45 54
45 94
46 73
46 49
46 86
47 75
47 51
47 76
47 63
48 96
48 70
48 75
48 91
49 96
49 66
49 81
49 60
50 65
50 87
50 57
50 59
50 90
51 55
51 52
51 61
51 63
52 66
52 83
52 78
52 54
52 94
53 99
53 68
53 69
53 54
53 93
53 95
54 64
54 86
54 57
54 59
55 81
55 74
55 72
55 94
55 58
55 92
55 62
56 64
56 97
56 69
56 77
57 66
57 88
57 63
58 91
59 83
59 84
59 87
59 61
60 65
60 78
60 83
61 92
62 87
62 70
62 93
63 68
63 71
63 90
64 83
64 95
65 96
65 97
65 66
65 93
65 95
66 74
66 83
67 96
67 89
68 83
69 98
69 70
69 72
69 75
70 99
70 77
70 92
71 73
71 80
72 81
72 91
73 87
74 87
74 93
75 90
75 95
76 83
77 89
77 90
78 96
79 96
79 91
80 82
80 89
80 93
81 89
81 90
81 93
82 86
82 90
82 92
83 87
83 88
83 90
85 88
86 90
87 98
87 90
87 95
89 91
89 93
91 92
91 93
