0 33
0 38
0 93
0 15
0 80
0 50
0 20
0 61
1 55
1 20
1 45
1 15
2 99
2 36
2 74
2 12
2 82
2 50
2 58
2 63
3 12
3 4
3 37
3 60
4 41
4 29
4 81
4 69
5 9
5 75
5 14
5 15
5 52
5 85
5 57
5 24
5 25
5 91
5 61
5 31
6 69
6 44
6 61
6 86
6 57
6 90
6 59
6 29
7 64
7 36
7 11
7 76
7 77
7 79
7 62
8 67
8 69
8 75
8 88
8 20
8 21
8 22
8 56
8 25
8 26
8 61
8 30
8 52
9 49
9 77
9 17
9 19
9 22
9 60
9 69
10 84
10 57
10 34
10 36
11 79
11 15
11 84
11 62
12 40
12 67
12 45
12 47
12 51
12 20
12 86
12 27
13 34
13 35
13 73
13 42
13 14
13 17
13 82
13 84
13 26
13 61
13 62
14 64
14 41
14 81
14 51
14 25
14 58
14 59
14 29
14 62
14 95
15 33
15 76
15 21
15 55
15 24
15 71
15 85
16 88
16 21
16 39
17 49
17 85
17 59
17 92
17 62
18 97
18 55
18 79
18 82
18 84
18 85
18 57
18 56
18 25
18 27
18 61
19 72
19 42
19 85
19 89
19 28
19 63
20 38
20 81
20 73
20 42
20 49
20 50
20 85
20 57
21 98
21 45
21 47
22 96
22 71
22 56
22 95
23 96
23 49
23 79
23 29
23 77
24 33
24 98
24 70
24 97
24 40
24 86
24 55
24 31
25 96
25 99
25 71
25 45
25 83
25 84
25 91
25 60
26 71
26 74
26 40
26 52
26 84
26 29
27 65
27 39
27 71
27 85
27 56
27 31
28 65
28 70
28 72
28 75
28 76
28 81
28 57
28 62
28 95
29 97
29 34
29 73
29 90
30 71
30 42
30 49
30 84
30 74
31 48
31 95
32 64
32 34
32 68
32 43
32 77
32 82
32 56
32 95
33 98
33 38
33 48
33 52
33 94
34 96
34 68
34 38
34 82
34 51
34 85
35 64
35 97
35 66
35 70
35 52
35 56
35 63
36 65
36 69
36 81
36 50
36 87
36 88
37 39
37 77
37 78
37 47
37 85
37 94
38 67
38 39
38 60
38 94
39 48
39 91
39 81
39 85
40 73
40 88
40 55
41 75
42 81
42 72
42 75
42 49
42 57
43 71
43 76
43 49
43 87
43 60
44 80
44 58
44 93
45 98
45 53
45 88
45 93
46 65
46 82
46 59
46 77
47 68
47 76
47 48
48 65
48 53
48 57
48 60
48 94
49 66
49 69
49 94
49 56
49 84
49 87
50 99
50 73
50 53
50 90
50 93
50 95
51 67
51 99
51 89
51 55
51 57
51 63
52 74
52 85
53 65
53 61
54 80
54 62
55 97
55 91
56 71
56 91
56 76
56 59
56 99
56 87
56 95
57 64
57 80
57 98
57 92
57 89
57 94
58 64
58 73
58 90
58 94
60 77
60 87
61 67
61 82
61 81
61 91
61 93
61 62
61 85
62 97
62 73
62 92
63 64
63 78
63 87
63 91
64 98
65 99
65 74
65 94
65 95
66 82
67 79
67 89
67 91
68 71
68 78
68 85
69 74
69 89
69 72
69 88
70 98
70 72
70 81
71 98
71 79
72 73
72 85
72 94
73 99
73 83
73 84
74 99
74 75
74 84
74 91
75 95
76 89
77 95
79 81
79 83
80 85
81 89
81 90
83 97
83 99
83 87
84 94
85 90
86 96
86 90
89 96
89 90
90 93
91 95
92 98
94 97
