 .. .. 2.5038383838383838 
 8 11 2.4943434343434343 
 8 19 2.4864646464646465 
 82 15 2.478989898989899 
 88 8 2.4715151515151517 
 42 8 2.464040404040404 
 39 8 2.4575757575757575 
 8 10 2.451111111111111 
 54 8 2.445050505050505 
 96 8 2.4393939393939394 
 8 9 2.4337373737373738 
 99 8 2.428080808080808 
 61 8 2.4226262626262627 
 66 8 2.4171717171717173 
 33 8 2.411717171717172 
 0 8 2.4060606060606062 
 45 8 2.4004040404040405 
 46 8 2.3953535353535353 
 6 8 2.39030303030303 
 8 23 2.3852525252525254 
 38 8 2.38020202020202 
 41 8 2.374949494949495 
 8 24 2.3696969696969696 
 72 8 2.3642424242424243 
 25 8 2.358787878787879 
 29 8 2.3533333333333335 
 62 8 2.347676767676768 
 34 8 2.342020202020202 
 73 8 2.336161616161616 
 89 8 2.3301010101010102 
 1 8 2.324242424242424 
 32 8 2.3181818181818183 
 47 8 2.3119191919191917 
 8 20 2.3056565656565655 
 48 8 2.299191919191919 
 30 8 2.292727272727273 
 50 8 2.286060606060606 
 43 8 2.2793939393939393 
 52 8 2.2725252525252526 
 59 8 2.2654545454545456 
 82 8 2.2581818181818183 
 94 8 2.250909090909091 
 37 8 2.243838383838384 
 2 8 2.236767676767677 
 81 8 2.2294949494949496 
 7 8 2.2224242424242426 
 35 8 2.2151515151515153 
 49 8 2.2076767676767677 
 90 8 2.2 
 97 8 2.1923232323232322 
 26 8 2.1846464646464647 
