 .. .. 2.438989898989899 
 64 76 2.4286868686868686 
 35 64 2.422020202020202 
 38 58 2.4165656565656564 
 11 64 2.4113131313131313 
 49 65 2.406262626262626 
 50 64 2.4016161616161615 
 14 64 2.396969696969697 
 29 86 2.3923232323232324 
 56 64 2.3878787878787877 
 45 64 2.3834343434343435 
 33 78 2.378989898989899 
 23 32 2.3745454545454545 
 51 57 2.37030303030303 
 84 91 2.366060606060606 
 49 64 2.362020202020202 
 55 64 2.3577777777777778 
 99 64 2.3535353535353534 
 30 64 2.3494949494949493 
 64 26 2.3452525252525254 
 39 64 2.341010101010101 
 8 64 2.336969696969697 
 43 64 2.332929292929293 
 62 64 2.3286868686868685 
 12 64 2.3244444444444445 
 59 64 2.32 
 63 64 2.3153535353535353 
 13 64 2.3107070707070707 
 17 64 2.306060606060606 
 22 64 2.3012121212121213 
 64 68 2.296161616161616 
 31 64 2.2911111111111113 
 89 64 2.285858585858586 
 19 64 2.2808080808080806 
 54 64 2.2755555555555556 
 51 64 2.2703030303030305 
 83 64 2.2648484848484847 
 81 64 2.2593939393939393 
 84 64 2.2537373737373736 
 93 64 2.247878787878788 
 18 64 2.2422222222222223 
 64 74 2.2363636363636363 
 10 64 2.2307070707070706 
 41 64 2.2248484848484846 
 64 70 2.218989898989899 
 24 64 2.213131313131313 
 87 64 2.207070707070707 
 27 64 2.201010101010101 
 1 64 2.194949494949495 
 47 64 2.188686868686869 
 85 64 2.1824242424242426 
