 .. .. 2.395151515151515 
 80 19 2.3886868686868685 
 35 89 2.382222222222222 
 59 19 2.3771717171717173 
 62 14 2.372121212121212 
 29 19 2.367272727272727 
 71 19 2.361818181818182 
 7 19 2.3571717171717173 
 32 13 2.3527272727272726 
 65 19 2.3482828282828283 
 90 19 2.3436363636363637 
 1 19 2.339191919191919 
 53 19 2.334747474747475 
 19 88 2.33030303030303 
 25 19 2.325858585858586 
 42 19 2.3214141414141416 
 57 19 2.3167676767676766 
 89 19 2.3119191919191917 
 19 21 2.307272727272727 
 34 19 2.3026262626262626 
 47 19 2.2977777777777777 
 6 19 2.292929292929293 
 13 19 2.287878787878788 
 98 19 2.282828282828283 
 54 19 2.2777777777777777 
 60 19 2.2725252525252526 
 9 19 2.2674747474747474 
 43 19 2.2622222222222224 
 87 19 2.256767676767677 
 30 19 2.251313131313131 
 46 19 2.2458585858585858 
 74 19 2.2404040404040404 
 94 19 2.2347474747474747 
 99 19 2.2288888888888887 
 28 19 2.223030303030303 
 96 19 2.216969696969697 
 48 19 2.210909090909091 
 56 19 2.204848484848485 
 38 19 2.1987878787878787 
 70 19 2.1925252525252525 
 14 19 2.1862626262626264 
 39 19 2.17979797979798 
 67 19 2.173131313131313 
 75 19 2.1664646464646466 
 93 19 2.16 
 16 19 2.1535353535353536 
 64 19 2.146868686868687 
 61 19 2.14020202020202 
 86 19 2.1333333333333333 
 0 19 2.1264646464646466 
 3 19 2.1195959595959595 
