0 96
0 70
0 74
0 45
0 21
0 93
0 31
1 98
1 40
1 61
1 21
1 58
1 93
1 95
2 64
2 13
2 77
2 82
2 53
2 86
2 25
2 93
3 64
3 4
3 42
3 11
3 93
3 87
3 26
3 92
3 10
3 94
4 96
4 5
4 42
4 46
4 15
4 48
4 56
4 63
5 96
5 66
5 70
5 76
5 44
5 77
5 89
5 95
5 62
5 31
6 38
6 40
6 73
6 43
6 44
6 45
6 94
7 33
7 12
7 81
7 87
7 88
7 58
7 90
7 62
8 66
8 68
8 75
8 50
8 87
8 25
8 94
9 32
9 39
9 42
9 43
9 77
9 52
9 84
9 29
10 46
10 48
10 50
10 84
10 24
10 94
11 37
11 70
11 80
11 50
11 24
11 29
11 63
12 65
12 67
12 37
12 90
12 31
12 29
12 63
13 71
13 75
13 15
13 52
13 23
13 56
13 84
13 79
13 95
14 41
14 71
14 51
14 84
14 23
15 79
15 61
16 66
16 70
16 38
16 71
16 83
16 44
16 80
16 51
16 53
16 56
17 83
17 35
17 43
17 80
17 59
17 51
17 90
17 87
17 58
17 27
17 61
18 96
18 57
18 58
18 36
19 88
19 49
19 26
19 53
19 61
20 33
20 73
20 78
20 48
20 50
20 26
20 92
21 36
21 39
21 73
21 80
21 83
21 84
21 97
22 72
22 44
22 48
22 82
22 24
22 27
23 34
23 82
23 71
23 79
23 50
23 24
23 27
23 28
23 30
23 63
24 68
24 71
24 45
24 51
24 57
25 38
25 55
25 87
25 26
26 97
26 99
26 57
27 35
27 70
27 76
27 80
27 94
27 54
27 62
28 76
28 45
28 47
28 82
28 31
29 99
29 70
29 38
29 72
29 49
29 54
29 88
29 90
29 60
30 96
30 34
30 39
30 73
30 58
30 93
31 66
31 41
31 74
31 75
31 98
31 78
31 54
31 90
32 60
32 61
32 93
33 44
33 80
33 57
33 58
33 63
34 97
34 39
34 43
34 78
34 81
34 52
34 62
34 54
34 92
35 97
35 59
35 69
35 38
35 86
35 55
35 56
36 39
37 52
37 98
38 42
38 82
38 89
38 55
39 48
39 68
40 49
40 82
40 84
40 56
40 91
41 80
41 51
41 53
41 86
41 63
42 46
42 73
43 99
43 71
43 47
43 73
43 56
43 59
44 64
44 67
44 99
44 55
44 61
45 64
45 69
45 79
45 84
45 54
45 59
46 96
46 71
46 72
46 77
46 78
46 93
46 55
46 91
46 60
46 94
47 66
47 78
47 84
47 60
48 65
48 79
48 88
49 65
49 98
49 76
49 62
50 75
50 55
50 61
51 96
51 75
51 59
52 76
52 57
52 94
53 80
53 79
53 57
53 91
54 64
54 76
54 93
55 73
56 85
56 86
56 88
56 93
57 67
57 70
57 79
57 99
57 61
58 70
58 94
58 71
58 59
58 90
59 79
59 85
60 73
61 98
61 65
61 77
61 85
61 90
61 63
62 97
62 67
62 68
62 90
62 93
63 65
63 93
63 97
64 67
65 96
65 97
65 66
65 72
65 73
65 86
65 90
66 73
66 75
67 98
67 75
67 82
67 85
67 93
68 99
68 85
69 73
71 75
71 77
71 92
72 77
72 82
73 81
73 95
75 99
75 95
76 87
76 94
78 99
78 83
79 80
79 83
79 84
80 83
81 96
82 97
82 92
82 85
83 92
85 91
85 93
88 98
90 93
91 95
