0 5
0 39
0 45
0 50
0 21
0 54
0 57
0 91
0 94
1 96
1 95
1 45
1 6
1 61
2 86
2 7
2 8
2 73
2 54
2 25
2 26
2 27
2 62
2 95
3 32
3 41
3 80
3 92
3 22
3 24
3 60
4 65
4 99
4 69
4 73
4 10
4 45
4 62
5 32
5 11
5 69
5 75
5 77
5 24
5 92
6 71
6 44
6 14
6 81
6 85
6 95
7 32
7 73
7 15
8 33
8 75
8 69
8 81
8 40
8 9
8 11
8 72
8 18
8 51
8 21
8 55
8 30
9 76
9 13
9 80
9 84
9 89
10 98
10 35
10 71
10 41
10 42
10 43
10 78
10 20
10 68
10 31
11 84
11 33
11 35
11 36
11 20
11 88
11 57
11 60
12 37
12 15
12 16
12 18
12 19
12 85
12 54
12 55
12 86
12 31
13 74
13 36
13 21
13 38
14 32
14 80
14 55
15 74
15 16
15 19
15 89
15 95
16 68
16 77
16 50
16 84
16 61
17 32
17 65
17 59
17 82
17 79
17 18
17 20
17 56
17 57
17 27
18 83
18 69
18 44
18 46
18 51
18 22
18 87
19 97
19 66
19 36
19 37
19 81
19 40
19 77
19 49
19 50
19 83
19 22
19 23
19 24
19 69
19 63
20 66
20 93
20 76
20 46
20 79
20 23
20 56
20 42
20 31
21 50
21 93
22 96
22 41
22 43
22 78
22 47
22 90
22 53
22 26
22 61
23 32
23 73
23 44
23 77
23 47
23 82
23 58
24 47
24 99
24 55
25 83
25 75
25 79
26 32
26 64
26 70
26 41
26 46
26 50
26 52
26 87
26 58
26 95
27 33
27 35
27 69
27 99
27 56
27 61
28 32
28 64
28 71
28 41
28 47
28 88
29 72
29 76
29 54
30 35
30 40
30 72
30 61
30 62
31 34
31 36
31 69
31 70
31 93
31 82
31 58
31 42
32 73
32 63
33 36
33 95
33 46
33 47
33 48
33 78
33 90
33 85
34 99
34 59
34 75
34 55
35 64
35 39
35 44
35 77
35 52
35 85
35 55
35 58
36 64
36 45
36 46
36 81
36 52
36 58
37 91
37 45
37 87
38 99
38 68
38 40
38 41
38 75
38 50
39 43
39 44
39 79
39 90
40 67
40 92
40 45
40 86
40 88
40 60
41 97
41 83
41 75
41 45
41 77
41 82
41 51
41 91
41 62
42 68
42 60
43 47
43 85
43 55
44 96
44 72
44 74
44 82
44 83
44 53
44 92
44 62
44 95
45 76
45 81
45 51
45 93
45 94
46 95
47 51
48 69
48 55
48 79
48 54
48 87
49 76
49 81
49 84
49 52
49 91
50 97
50 68
50 72
50 73
50 76
51 82
51 83
51 61
52 65
52 81
52 73
52 87
52 62
53 64
53 72
53 94
54 77
55 97
55 63
56 67
56 73
56 85
56 59
57 85
57 71
58 69
58 70
58 72
58 74
58 76
58 77
58 81
59 93
59 79
60 68
60 82
60 88
60 62
61 98
61 68
61 71
62 69
62 71
62 92
62 82
62 94
62 86
62 68
63 98
63 70
63 73
63 91
64 97
64 85
65 80
65 70
66 77
67 81
67 83
67 85
67 86
67 95
68 99
68 72
69 99
69 77
69 90
70 76
70 92
72 96
72 82
73 99
73 86
73 84
74 85
75 77
75 88
76 77
76 85
76 92
77 78
77 82
77 91
78 96
78 98
78 85
78 91
79 84
79 91
79 81
80 99
81 96
81 98
81 92
81 95
82 86
83 89
83 93
84 96
84 92
85 98
86 95
87 92
87 93
88 92
93 94
