 .. .. 2.387070707070707 
 1 74 2.381010101010101 
 4 40 2.375757575757576 
 30 31 2.3705050505050504 
 81 60 2.3654545454545453 
 30 44 2.360606060606061 
 75 30 2.3553535353535353 
 4 17 2.3507070707070707 
 4 13 2.346262626262626 
 81 4 2.3422222222222224 
 4 56 2.3381818181818184 
 4 12 2.3341414141414143 
 4 71 2.3301010101010102 
 3 51 2.3262626262626265 
 39 74 2.3224242424242423 
 4 95 2.318787878787879 
 4 6 2.315151515151515 
 4 31 2.3115151515151515 
 1 4 2.307878787878788 
 78 4 2.304040404040404 
 97 4 2.3 
 4 35 2.296161616161616 
 4 15 2.292121212121212 
 38 4 2.287878787878788 
 28 4 2.2836363636363637 
 41 4 2.279191919191919 
 75 4 2.2747474747474747 
 4 52 2.2703030303030305 
 84 4 2.2656565656565655 
 4 65 2.261010101010101 
 85 4 2.256161616161616 
 90 4 2.251313131313131 
 4 91 2.2462626262626264 
 4 9 2.241212121212121 
 4 62 2.236161616161616 
 98 4 2.230909090909091 
 80 4 2.2256565656565654 
 89 4 2.22020202020202 
 87 4 2.2147474747474747 
 2 4 2.2092929292929293 
 4 8 2.203838383838384 
 4 16 2.1981818181818182 
 4 21 2.1925252525252525 
 96 4 2.1866666666666665 
 4 66 2.181010101010101 
 3 4 2.175353535353535 
 4 73 2.1694949494949496 
 4 14 2.1636363636363636 
 4 7 2.1577777777777776 
 4 22 2.151919191919192 
 4 10 2.146060606060606 
