0 18
0 67
0 5
0 77
0 61
1 34
1 77
1 14
1 82
1 54
1 23
2 97
2 37
2 38
2 52
2 55
2 91
2 60
2 93
3 98
3 68
3 39
3 15
3 48
3 87
3 56
3 60
4 66
4 67
4 48
4 50
4 91
4 95
5 97
5 70
5 10
5 78
5 91
6 70
6 39
6 72
6 14
6 84
6 26
6 59
6 60
6 29
7 98
7 67
7 38
7 8
7 78
7 50
7 89
7 30
8 67
8 73
8 15
8 18
8 19
8 21
8 88
8 27
8 93
8 53
9 95
9 66
9 83
9 39
10 82
10 70
10 23
11 60
12 97
12 75
12 76
12 13
12 15
12 85
13 96
13 66
13 99
13 41
13 20
13 55
13 26
13 28
14 32
14 34
14 59
14 86
14 33
14 16
14 54
14 87
14 27
15 64
15 34
15 80
15 88
15 89
15 90
15 61
16 64
16 35
16 43
16 80
16 50
16 87
16 28
16 93
17 32
17 35
17 36
17 60
17 48
17 73
17 55
17 57
17 26
17 28
18 67
18 71
18 78
18 85
18 23
18 56
18 26
18 28
19 55
19 21
19 89
19 57
19 90
19 59
20 34
20 91
20 38
20 95
21 97
21 98
21 99
21 42
21 76
21 78
21 48
21 53
21 89
21 60
21 74
22 36
22 80
22 89
22 55
22 25
22 95
22 31
23 39
23 40
23 77
23 26
24 96
24 37
24 40
24 28
24 82
24 73
24 60
24 69
25 35
25 69
25 41
25 47
25 61
25 62
26 98
26 50
26 55
26 78
26 79
26 84
26 59
26 30
27 42
27 78
27 48
27 89
28 67
28 92
28 29
28 62
29 99
29 75
29 46
29 50
29 55
29 91
30 33
30 37
30 70
30 71
30 45
30 47
30 54
30 89
30 86
31 38
31 42
31 45
31 52
31 87
31 91
31 92
32 98
32 70
32 92
32 74
32 84
32 54
32 60
32 93
33 98
33 35
33 39
33 71
33 49
33 52
33 89
34 66
34 44
34 47
34 60
35 99
35 80
35 77
35 79
35 54
35 56
35 61
36 68
36 69
36 39
36 77
36 83
36 87
36 89
36 37
37 70
37 42
37 85
37 60
37 95
38 64
38 65
38 67
38 68
38 44
38 66
38 79
38 91
38 60
39 66
39 40
40 47
40 88
40 87
40 79
41 64
41 99
41 75
41 46
41 80
41 85
41 89
41 56
41 58
41 90
42 96
42 80
42 43
42 79
42 48
42 50
42 60
42 69
43 79
43 81
43 87
43 95
44 65
44 68
44 70
44 66
44 48
44 88
45 72
45 50
45 99
46 66
46 67
46 74
46 81
46 99
46 88
47 81
47 94
47 88
47 60
48 91
48 52
49 99
49 97
49 76
49 57
49 90
49 91
50 83
50 52
50 60
51 72
51 53
51 55
52 57
52 58
52 62
53 93
54 79
55 71
55 80
55 56
56 71
56 87
56 90
56 95
57 81
57 76
57 79
57 90
57 92
58 80
58 71
59 68
59 86
60 66
60 78
60 68
61 89
61 90
61 63
62 76
62 85
62 90
63 72
63 81
63 90
63 97
64 86
64 73
65 66
65 78
65 79
66 72
66 74
66 76
66 83
66 78
67 77
68 95
69 96
70 99
71 77
71 80
71 83
71 94
72 98
72 75
72 85
72 87
73 83
73 85
73 89
74 79
74 91
74 95
75 96
75 84
75 91
77 91
77 94
78 99
78 97
79 99
79 83
79 95
81 82
84 89
85 93
86 95
88 89
89 93
89 95
91 97
95 98
