 .. .. 2.4301010101010103 
 83 91 2.4234343434343435 
 84 55 2.4175757575757575 
 9 70 2.4125252525252527 
 46 58 2.4074747474747475 
 96 54 2.4026262626262627 
 36 24 2.397979797979798 
 85 70 2.3937373737373737 
 0 2 2.3896969696969697 
 34 2 2.3854545454545453 
 47 2 2.381414141414141 
 76 21 2.3773737373737376 
 79 2 2.3733333333333335 
 12 54 2.3694949494949493 
 92 66 2.3656565656565656 
 46 97 2.361818181818182 
 93 54 2.3581818181818184 
 22 54 2.3545454545454545 
 41 2 2.350909090909091 
 78 24 2.347272727272727 
 10 17 2.343838383838384 
 38 2 2.3404040404040405 
 18 70 2.336969696969697 
 80 24 2.3335353535353534 
 24 59 2.3301010101010102 
 32 18 2.326868686868687 
 73 19 2.3236363636363637 
 25 55 2.3204040404040405 
 88 2 2.317171717171717 
 2 56 2.313939393939394 
 31 54 2.3107070707070707 
 40 50 2.3074747474747475 
 44 71 2.304242424242424 
 8 60 2.3012121212121213 
 2 4 2.2981818181818183 
 89 2 2.294949494949495 
 99 2 2.291717171717172 
 2 60 2.2884848484848486 
 61 2 2.285050505050505 
 98 2 2.2814141414141416 
 39 2 2.2777777777777777 
 2 67 2.2741414141414142 
 2 13 2.2703030303030305 
 84 2 2.2662626262626264 
 26 2 2.2622222222222224 
 45 2 2.257979797979798 
 2 15 2.253939393939394 
 58 2 2.2496969696969695 
 75 2 2.2452525252525253 
 2 16 2.241010101010101 
 31 2 2.2365656565656566 
