0 32
0 67
0 4
0 86
0 70
0 72
0 80
0 82
0 22
0 30
0 95
1 72
1 66
2 32
2 65
2 45
2 18
2 53
2 86
2 57
2 59
3 48
3 80
3 74
3 16
3 26
3 31
4 33
4 34
4 64
4 74
4 76
4 45
4 47
4 20
4 53
4 23
4 27
4 92
4 93
5 33
5 70
5 8
5 43
5 14
5 18
5 53
5 23
5 24
5 55
5 26
5 27
5 92
5 93
6 69
6 8
6 74
6 19
6 84
6 85
7 65
7 37
7 45
7 77
7 48
7 81
7 24
7 26
7 29
8 33
8 43
8 15
8 84
8 25
9 72
9 10
9 43
9 13
9 94
9 95
10 32
10 68
10 69
10 75
10 47
10 80
10 58
11 39
11 72
11 42
11 13
11 77
11 48
11 79
11 20
11 58
11 59
11 62
11 63
12 88
12 17
12 66
12 59
12 52
13 44
13 14
14 43
14 50
14 19
14 54
14 25
14 59
15 56
15 50
15 44
15 63
16 64
16 69
16 70
16 79
16 82
16 52
17 48
17 26
17 99
17 61
18 65
18 99
18 71
18 43
18 66
18 82
18 52
18 22
18 90
18 59
18 60
18 61
19 56
19 89
19 58
19 59
19 29
19 63
20 67
20 58
20 92
20 62
21 67
21 78
21 81
21 84
21 87
21 30
22 83
22 30
22 27
22 61
22 62
23 65
23 74
23 86
23 89
23 69
24 32
24 34
24 41
24 98
24 78
24 48
24 53
24 54
25 34
25 38
25 73
25 42
25 72
25 85
25 60
25 94
26 40
26 61
26 67
26 54
26 72
26 29
27 42
27 50
27 87
27 29
28 33
28 74
28 61
28 78
28 69
29 64
29 39
29 42
29 80
29 84
29 87
29 88
29 57
30 98
30 59
30 68
30 37
30 73
30 43
30 76
30 46
30 48
30 67
30 54
30 93
30 69
31 96
31 90
32 70
32 42
32 51
32 89
33 50
33 57
33 58
34 96
34 65
34 78
34 55
34 60
35 80
35 96
35 67
35 43
35 68
36 68
36 73
36 74
36 80
36 50
36 83
36 53
36 54
36 92
37 66
37 68
37 39
37 48
37 56
38 70
38 72
38 46
38 47
38 52
38 86
38 88
39 72
39 41
39 88
39 60
39 94
40 42
41 98
41 42
41 51
41 63
42 99
42 71
42 86
42 55
42 90
43 98
43 74
43 44
43 45
43 61
44 99
44 45
44 88
44 93
45 98
45 51
45 94
45 95
46 96
46 66
46 49
46 51
46 53
46 58
47 77
47 80
47 88
47 91
47 94
48 97
48 52
48 94
48 49
48 63
49 73
49 50
49 53
49 90
49 61
49 95
50 99
50 73
50 74
50 58
51 77
51 92
51 87
51 60
52 72
52 79
52 55
53 97
53 75
53 77
53 83
53 58
53 90
54 73
54 74
54 77
54 79
54 91
55 77
55 98
55 94
56 87
56 92
56 61
56 63
57 67
57 97
57 74
57 83
58 96
58 70
58 60
58 62
58 63
59 66
59 94
60 99
60 70
60 72
60 86
60 62
61 86
61 72
61 82
61 83
61 91
62 92
62 76
62 88
63 70
63 86
63 73
63 79
64 66
64 68
64 75
64 83
64 87
64 95
65 74
66 96
66 83
67 97
67 69
67 94
67 91
68 76
68 84
68 89
69 79
70 96
70 93
71 75
71 90
72 99
72 77
72 92
73 98
74 76
75 85
76 91
77 84
78 82
78 94
79 98
79 81
79 90
80 96
80 97
81 84
82 96
82 85
82 86
83 93
83 87
85 94
86 93
86 88
87 91
88 96
89 99
89 90
89 93
91 93
