0 75
0 68
0 70
0 38
0 11
0 47
0 52
0 86
0 23
0 88
0 91
0 61
0 31
1 43
1 46
1 52
1 21
1 87
1 61
1 95
2 65
2 68
2 12
2 23
2 88
2 25
2 91
2 60
2 95
3 33
3 20
3 53
3 25
3 90
3 95
4 65
4 95
4 43
4 76
4 47
4 15
4 63
5 83
5 68
5 8
5 9
5 74
5 75
5 76
5 13
5 47
5 17
5 51
5 85
5 73
6 69
6 72
6 43
6 76
6 18
6 51
6 20
6 85
6 89
6 23
6 24
6 57
6 90
6 91
6 62
7 65
7 69
7 38
7 48
7 53
7 70
7 62
8 32
8 64
8 68
8 96
8 12
8 16
9 67
9 38
9 11
9 81
9 75
9 51
9 53
9 25
9 61
10 98
10 35
10 12
10 82
10 84
10 85
10 20
10 62
11 34
11 67
11 70
11 77
11 66
11 46
11 47
11 21
11 24
11 29
12 65
12 76
12 34
12 81
12 52
12 56
12 58
12 62
13 57
13 58
13 28
13 86
14 40
14 35
14 52
14 69
15 76
15 79
15 16
15 18
15 19
15 87
15 94
15 95
16 41
16 78
16 48
16 22
16 73
16 89
16 27
16 28
17 65
17 31
17 57
17 27
17 63
18 68
18 43
18 44
18 45
18 53
18 24
18 89
18 58
18 85
18 63
19 68
19 41
19 77
19 85
19 86
19 87
19 62
20 32
20 69
20 46
20 48
20 59
20 70
20 42
20 62
21 98
21 69
21 72
21 45
21 52
21 54
21 89
21 84
21 90
22 64
22 96
22 71
22 58
22 62
23 64
23 37
23 47
23 55
23 90
24 33
24 46
24 79
24 84
25 39
25 76
25 35
25 85
25 56
25 90
25 30
26 65
26 91
26 43
26 76
27 33
27 68
27 69
27 71
27 55
27 56
27 59
28 64
28 80
28 35
28 72
28 99
28 89
28 59
28 93
29 36
29 69
29 73
29 81
29 62
29 63
30 64
30 65
30 40
30 92
30 76
30 48
30 85
30 90
30 60
31 50
31 53
31 64
32 36
32 71
32 45
32 53
33 68
33 69
33 38
33 74
33 51
33 63
34 42
34 39
35 66
35 39
35 61
35 54
35 89
35 42
36 96
36 68
36 37
36 38
36 72
36 48
36 84
36 53
36 85
37 66
37 78
37 87
37 58
38 83
38 99
38 64
38 75
38 79
38 80
38 72
38 51
38 63
39 96
39 44
39 88
40 67
40 69
40 78
40 50
40 89
40 91
41 59
41 54
41 96
42 64
42 78
42 99
42 50
42 67
42 84
42 58
42 94
43 76
43 52
43 85
43 86
44 70
44 74
44 58
44 94
45 97
45 75
45 81
45 89
45 58
45 61
46 98
46 50
46 83
46 85
46 55
46 63
47 79
47 58
47 60
48 69
48 77
48 78
48 94
48 92
48 61
49 69
49 86
49 77
50 75
50 52
50 86
50 90
50 93
51 80
52 71
52 84
52 54
52 56
53 88
53 56
53 57
53 91
54 96
54 94
54 84
54 58
54 62
55 78
55 80
55 86
55 58
55 94
56 98
56 68
56 75
56 88
57 96
57 97
57 68
57 73
57 75
57 80
57 83
57 58
58 67
58 82
58 71
58 76
58 88
58 89
58 94
59 69
59 91
60 68
60 76
60 66
60 87
61 65
61 64
61 77
62 98
62 69
63 87
63 92
63 94
64 96
64 94
64 90
65 67
65 92
66 98
66 77
66 88
66 95
67 72
68 75
68 76
68 72
68 84
68 88
68 69
69 83
69 81
70 72
70 86
72 79
72 82
72 89
73 84
73 95
74 99
74 77
74 90
76 79
77 87
77 91
78 96
78 85
78 89
79 88
80 87
81 99
81 82
81 88
82 86
84 89
84 91
85 86
85 89
85 90
86 99
88 96
90 98
94 98
