0 64
0 3
0 6
0 52
0 22
0 60
0 61
0 63
1 66
1 4
1 8
1 73
1 72
1 53
1 26
1 91
2 32
2 64
2 40
2 73
2 10
2 43
2 49
2 54
2 57
2 27
2 42
3 96
3 36
3 72
3 12
3 77
3 47
3 80
3 86
3 94
4 67
4 68
4 5
4 13
4 52
4 53
4 58
4 92
4 61
5 6
5 9
5 48
5 19
5 53
5 55
5 91
5 29
6 64
6 72
6 47
6 16
6 17
6 51
6 93
6 31
7 34
7 69
7 70
7 71
7 40
7 98
7 80
7 19
7 52
7 88
7 95
8 40
8 10
8 21
8 58
8 91
9 64
9 34
9 67
9 74
9 44
9 51
9 20
9 60
9 69
10 32
10 69
10 66
10 58
10 27
10 30
11 96
11 92
11 53
11 30
12 19
12 41
12 92
12 49
13 33
13 70
13 50
13 57
13 58
13 93
14 41
14 18
14 75
14 94
14 47
15 96
15 35
15 71
15 44
15 20
15 22
15 27
15 29
16 32
16 64
16 65
16 89
16 63
17 32
17 34
17 38
17 78
17 89
18 65
18 35
18 68
18 70
18 90
18 93
18 95
19 34
19 99
19 38
19 72
19 74
20 35
20 37
20 43
20 78
20 67
20 61
20 30
20 31
21 64
21 96
21 66
21 77
21 58
22 98
22 41
22 56
22 90
22 61
23 66
23 37
23 48
23 83
23 52
23 87
23 62
24 35
24 38
24 75
24 78
24 85
24 89
24 61
25 64
25 52
26 96
26 98
26 80
26 86
26 91
27 78
27 48
27 29
27 31
28 96
28 33
28 35
28 68
28 72
28 45
28 36
28 91
28 29
29 92
29 42
29 89
29 93
29 30
29 95
30 81
31 74
31 78
31 62
32 96
32 33
32 81
32 82
32 50
32 88
32 90
33 66
33 76
33 87
34 64
34 48
34 95
35 96
35 99
35 68
35 39
35 88
36 70
36 72
36 42
36 81
36 50
36 85
36 88
36 62
37 97
37 68
37 41
37 75
37 79
37 80
37 52
37 87
38 84
38 63
39 65
39 46
39 87
39 56
39 90
40 44
40 98
40 78
40 47
40 52
40 85
40 55
40 60
41 98
41 86
41 57
41 60
41 95
42 70
42 73
42 44
42 50
42 83
42 54
42 58
43 81
43 53
43 77
44 97
44 66
44 82
44 54
44 88
44 58
44 92
44 90
44 62
44 95
45 88
45 85
45 63
46 98
46 68
46 78
46 57
46 58
46 60
46 93
47 77
47 81
47 89
48 73
48 78
48 56
48 57
49 76
49 53
50 70
50 73
50 81
50 82
50 91
51 92
51 87
52 97
52 83
52 86
53 79
53 61
53 63
54 97
54 67
54 70
54 75
54 84
55 72
56 87
56 69
57 96
57 97
57 75
57 86
57 58
57 90
58 64
58 73
58 80
58 62
59 84
59 73
59 66
59 68
59 77
60 65
60 86
60 79
60 72
60 73
61 67
61 69
61 88
61 94
61 95
62 91
62 93
63 97
63 75
64 97
64 71
64 73
64 94
65 98
65 86
66 72
66 73
67 69
67 85
67 95
68 83
69 96
69 72
69 78
70 83
70 88
71 72
71 84
71 89
72 87
72 82
72 97
73 79
74 75
74 86
74 91
75 90
77 78
77 90
77 92
78 99
79 97
79 81
79 85
79 86
80 97
80 84
80 92
81 82
81 92
82 96
82 91
83 94
84 97
85 97
85 98
85 99
85 90
86 97
86 90
86 94
87 91
89 96
91 95
94 95
