 .. .. 2.659591836734694 
 37 39 2.6195918367346938 
 0 4 2.5844897959183672 
 22 45 2.56 
 43 11 2.5387755102040814 
 12 32 2.5183673469387755 
 45 48 2.499591836734694 
 45 36 2.4824489795918367 
 18 45 2.464489795918367 
 43 45 2.446530612244898 
 45 46 2.426938775510204 
 44 45 2.4106122448979592 
 45 28 2.3951020408163264 
 45 7 2.3804081632653062 
 23 45 2.3657142857142857 
 17 45 2.3518367346938778 
 38 45 2.337142857142857 
 45 27 2.3224489795918366 
 45 2 2.306938775510204 
 45 4 2.2922448979591836 
 45 32 2.2767346938775512 
 45 29 2.2612244897959184 
 45 6 2.2448979591836733 
 16 45 2.2277551020408164 
 45 26 2.210612244897959 
 45 5 2.1942857142857144 
