 .. .. 2.5175510204081633 
 19 30 2.4759183673469387 
 13 6 2.4448979591836735 
 19 4 2.4204081632653063 
 43 31 2.3991836734693877 
 24 36 2.3787755102040817 
 19 32 2.36 
 14 19 2.3412244897959185 
 18 28 2.3257142857142856 
 43 26 2.31265306122449 
 17 43 2.299591836734694 
 19 29 2.2881632653061224 
 19 40 2.275918367346939 
 43 8 2.2644897959183674 
 19 1 2.2546938775510204 
 19 11 2.244081632653061 
 19 0 2.233469387755102 
 19 47 2.2220408163265306 
 19 36 2.210612244897959 
 19 46 2.1983673469387757 
 18 19 2.186122448979592 
 19 3 2.173877551020408 
 19 23 2.1608163265306124 
 19 41 2.1477551020408163 
 19 26 2.1346938775510202 
 19 7 2.1208163265306124 
