 .. .. 2.6163265306122447 
 40 49 2.5714285714285716 
 46 2 2.5395918367346937 
 21 39 2.511020408163265 
 37 9 2.4840816326530613 
 18 46 2.458775510204082 
 12 9 2.4351020408163264 
 1 9 2.4146938775510205 
 27 33 2.394285714285714 
 17 10 2.3755102040816327 
 21 9 2.36 
 2 9 2.3453061224489797 
 20 9 2.3322448979591837 
 44 9 2.3183673469387753 
 27 1 2.306122448979592 
 0 9 2.2946938775510204 
 32 9 2.283265306122449 
 18 9 2.2718367346938777 
 33 9 2.259591836734694 
 28 9 2.24734693877551 
 45 9 2.2351020408163267 
 13 9 2.222857142857143 
 4 9 2.210612244897959 
 16 9 2.1983673469387757 
 29 9 2.1853061224489796 
 49 9 2.1714285714285713 
