0 35
0 37
0 8
0 10
0 44
0 45
0 21
1 37
1 41
1 42
1 48
1 27
1 28
2 49
2 28
2 13
2 30
3 49
3 7
3 8
3 42
3 44
3 13
3 14
3 47
3 40
3 24
4 48
4 30
5 24
5 29
6 44
6 46
6 14
6 22
6 25
6 29
7 41
7 47
7 31
8 32
8 12
8 23
8 25
9 10
9 43
9 44
9 47
10 42
10 41
11 46
12 32
12 15
12 24
12 29
12 31
13 44
13 14
13 17
13 18
13 20
13 30
14 34
14 45
14 17
14 18
14 29
15 16
15 32
15 48
16 47
16 31
16 29
16 46
17 46
17 39
17 29
18 22
19 32
19 41
19 27
20 49
20 43
21 40
22 26
23 40
23 42
23 36
23 49
24 35
24 44
24 43
25 26
25 36
26 46
26 37
27 38
28 33
28 39
28 44
28 31
29 35
29 39
29 30
30 35
30 42
31 35
31 49
32 43
34 37
35 42
37 40
37 42
38 45
38 47
41 44
41 47
42 48
46 49
