 .. .. 2.813061224489796 
 39 35 2.7444897959183674 
 44 46 2.709387755102041 
 33 0 2.68 
 43 28 2.6514285714285712 
 44 2 2.6244897959183673 
 16 30 2.599183673469388 
 44 29 2.5763265306122447 
 19 46 2.553469387755102 
 14 7 2.532244897959184 
 16 48 2.5118367346938775 
 46 26 2.493061224489796 
 19 36 2.4751020408163265 
 24 46 2.458775510204082 
 39 31 2.444081632653061 
 44 4 2.431020408163265 
 46 33 2.4179591836734695 
 38 46 2.4048979591836734 
 44 11 2.3926530612244896 
 44 3 2.3804081632653062 
 44 25 2.3681632653061224 
 16 37 2.356734693877551 
 16 27 2.346122448979592 
 44 26 2.3355102040816327 
 44 5 2.3248979591836734 
 44 48 2.3134693877551022 
