 .. .. 2.550204081632653 
 16 40 2.5216326530612245 
 15 40 2.499591836734694 
 40 41 2.4751020408163265 
 40 32 2.4522448979591838 
 40 3 2.4293877551020406 
 40 2 2.4114285714285715 
 39 40 2.393469387755102 
 40 30 2.376326530612245 
 40 8 2.36 
 40 43 2.3436734693877552 
 40 36 2.32734693877551 
 21 40 2.3110204081632655 
 40 7 2.2946938775510204 
 23 40 2.2783673469387753 
 40 45 2.2612244897959184 
 40 46 2.244081632653061 
 40 48 2.226938775510204 
 20 40 2.210612244897959 
 24 40 2.193469387755102 
 22 40 2.176326530612245 
 40 27 2.16 
 18 40 2.142857142857143 
 40 9 2.125714285714286 
 37 40 2.1085714285714285 
 38 40 2.0906122448979594 
