 .. .. 2.5787755102040815 
 28 0 2.5461224489795917 
 1 6 2.5175510204081633 
 40 6 2.4946938775510206 
 39 0 2.473469387755102 
 6 25 2.453061224489796 
 33 6 2.4326530612244897 
 42 6 2.4146938775510205 
 31 6 2.396734693877551 
 43 6 2.3779591836734695 
 17 6 2.363265306122449 
 18 6 2.3485714285714288 
 30 6 2.333061224489796 
 6 9 2.3183673469387753 
 16 6 2.303673469387755 
 20 6 2.2881632653061224 
 49 6 2.2718367346938777 
 21 6 2.2555102040816326 
 6 10 2.24 
 23 6 2.223673469387755 
 39 6 2.20734693877551 
 29 6 2.1910204081632654 
 35 6 2.173877551020408 
 44 6 2.156734693877551 
 26 6 2.1395918367346938 
 24 6 2.122448979591837 
