0 26
0 27
0 42
0 46
1 32
1 11
1 13
2 39
2 31
2 15
3 40
3 12
4 25
4 11
4 30
5 32
5 26
5 22
5 14
5 39
6 28
6 20
6 13
6 39
7 24
7 25
8 33
8 42
8 19
9 24
10 25
10 44
10 29
10 41
11 30
11 28
11 49
12 35
12 36
12 18
12 21
12 24
12 28
13 46
13 19
13 38
14 36
14 18
14 21
14 22
14 23
14 24
15 19
15 23
16 17
16 18
16 23
17 20
17 37
17 39
18 48
18 21
18 24
18 30
19 33
19 47
19 40
20 40
20 47
20 31
21 34
21 37
22 49
22 30
22 38
24 44
24 48
24 26
25 43
25 46
25 27
26 46
27 45
27 40
28 33
28 36
28 42
28 31
29 46
29 38
29 30
30 33
30 34
30 38
30 41
30 44
30 47
30 36
31 43
32 48
33 44
35 43
36 37
36 40
37 40
39 49
40 44
41 42
42 43
43 48
44 45
46 48
47 49
