0 48
0 41
0 49
0 21
0 39
1 39
1 40
1 43
1 15
1 29
1 30
2 35
3 47
3 27
3 46
3 39
4 17
4 43
4 22
4 33
5 27
5 12
5 7
6 8
6 16
6 23
6 47
6 15
7 36
7 37
7 8
7 44
7 13
7 49
8 33
8 35
8 9
8 42
9 25
9 19
9 20
10 16
10 44
10 26
10 28
11 34
11 19
11 12
12 16
12 46
12 39
13 40
13 43
13 23
13 37
14 38
14 39
15 20
15 44
15 31
16 18
16 24
16 25
17 46
17 47
18 19
18 44
19 43
19 42
19 30
19 31
20 23
20 44
20 33
21 32
21 39
21 45
21 23
22 33
22 30
24 35
24 28
25 42
25 45
26 49
27 43
28 35
28 45
30 38
30 41
30 49
32 46
32 38
33 37
33 36
34 43
34 37
34 39
37 45
39 41
40 48
40 46
41 44
44 45
46 47
