 .. .. 2.6522448979591835 
 3 11 2.6195918367346938 
 27 29 2.590204081632653 
 13 36 2.5640816326530613 
 3 33 2.5387755102040814 
 48 3 2.513469387755102 
 22 3 2.489795918367347 
 19 3 2.466938775510204 
 21 3 2.4473469387755102 
 37 43 2.4285714285714284 
 3 4 2.4106122448979592 
 13 15 2.393469387755102 
 38 3 2.3771428571428572 
 39 3 2.36 
 3 5 2.3436734693877552 
 18 3 2.32734693877551 
 34 3 2.31265306122449 
 20 3 2.2979591836734694 
 25 3 2.2824489795918366 
 3 10 2.266938775510204 
 27 3 2.2514285714285713 
 32 3 2.235918367346939 
 26 3 2.220408163265306 
 3 28 2.2048979591836733 
 2 3 2.189387755102041 
 3 9 2.1730612244897958 
