0 3
0 7
0 8
0 9
0 11
0 44
0 14
0 20
0 22
1 16
1 44
2 7
2 8
2 12
2 46
2 47
2 24
3 8
3 44
3 45
3 30
4 36
4 6
4 11
4 14
4 47
4 17
5 24
5 32
5 36
5 22
5 48
6 34
6 38
6 7
6 47
6 11
6 46
6 15
6 48
6 27
7 42
7 13
7 19
7 22
8 33
8 19
8 21
8 23
9 33
10 32
10 33
10 12
10 36
11 48
11 16
11 26
12 14
12 48
12 18
12 27
13 39
13 41
13 46
13 26
13 27
14 21
14 37
15 18
15 23
16 32
16 36
16 44
17 28
17 49
18 45
19 33
19 45
19 49
19 22
19 26
19 27
20 41
20 29
21 25
21 22
22 35
22 46
22 48
23 25
23 37
23 46
24 35
24 34
24 28
24 30
24 37
25 45
26 32
27 35
27 41
28 34
29 36
29 45
29 44
29 31
30 40
31 40
31 41
31 36
32 40
32 41
35 37
36 37
37 43
38 41
38 43
38 45
39 47
40 41
42 46
48 49
