0 13
0 38
1 33
1 9
1 43
1 15
1 48
1 41
1 30
2 9
2 49
3 5
3 38
3 39
3 12
3 19
3 23
3 26
3 31
4 33
4 38
4 6
4 7
4 9
4 23
4 25
5 7
5 40
5 11
5 46
5 17
5 25
5 26
6 9
6 43
6 47
6 25
7 32
7 36
8 48
8 34
8 13
8 30
9 23
10 28
10 12
11 25
11 27
11 28
12 45
12 15
12 16
12 49
12 19
13 27
13 25
14 40
14 33
14 41
14 22
14 39
15 37
15 20
15 25
16 29
17 18
17 23
18 26
18 21
18 49
19 45
19 47
19 21
19 29
19 30
20 31
20 41
20 27
20 36
21 41
21 23
22 36
22 38
22 40
22 48
22 31
23 37
24 25
24 26
24 36
25 39
25 36
25 29
26 34
26 44
26 29
27 38
27 39
27 47
28 32
28 33
28 30
29 48
29 35
30 32
30 47
31 34
31 37
31 40
31 44
32 38
32 46
32 48
33 38
33 46
33 49
34 35
34 46
34 48
36 38
38 40
38 39
38 44
38 43
39 48
42 47
