0 48
0 26
0 11
0 13
1 18
1 36
1 5
2 30
3 32
3 6
3 8
3 12
3 46
3 27
4 8
4 10
4 44
4 46
4 38
5 32
5 35
5 39
5 8
5 47
5 29
6 36
6 39
6 13
6 17
6 19
6 29
7 24
7 47
7 27
7 44
7 15
8 35
8 14
8 16
8 37
9 34
9 43
9 38
9 41
9 11
9 19
9 22
9 23
10 41
10 42
10 43
10 46
10 15
11 28
11 30
11 23
13 17
13 29
13 39
14 48
14 34
14 39
14 16
14 40
15 41
15 46
15 19
15 23
15 31
16 35
16 45
16 20
16 27
17 32
17 40
17 37
18 40
19 42
19 22
19 31
20 40
20 41
21 49
22 47
22 43
22 33
23 38
23 49
23 24
23 25
24 32
24 27
24 29
24 31
25 35
25 34
25 31
25 46
26 49
26 27
26 46
26 47
27 34
27 36
27 45
27 30
27 31
28 36
28 39
29 37
30 49
31 42
31 48
33 42
34 43
34 48
35 38
36 42
36 47
37 44
37 45
37 40
38 47
38 48
39 42
39 46
46 48
