0 44
0 27
0 12
1 41
2 8
2 48
2 30
3 35
3 36
3 43
3 14
3 47
3 16
3 17
4 11
4 44
4 30
5 36
5 6
5 43
5 18
5 19
5 20
6 33
6 43
6 49
6 20
6 21
7 8
7 11
7 47
7 16
7 23
7 29
8 43
8 36
8 11
8 47
8 49
8 18
8 27
9 48
9 43
10 14
11 41
12 25
13 49
13 18
13 30
14 38
14 17
14 18
14 20
14 25
14 30
15 18
15 20
15 21
15 22
15 37
16 35
16 40
16 46
16 30
17 25
17 20
17 46
18 32
18 46
18 22
19 48
19 41
19 39
19 29
20 45
20 21
20 22
21 37
21 27
21 28
22 36
23 41
23 39
24 34
24 44
24 46
24 38
25 26
26 28
27 42
27 48
27 40
30 37
30 41
30 43
30 31
31 32
31 48
31 46
32 49
32 45
32 42
33 41
33 35
33 46
34 48
36 41
36 43
36 48
38 49
38 44
39 42
40 48
42 46
43 45
