 .. .. 2.683265306122449 
 41 26 2.6351020408163266 
 12 36 2.602448979591837 
 39 14 2.573061224489796 
 20 7 2.5485714285714285 
 24 41 2.5248979591836735 
 41 32 2.5020408163265304 
 41 28 2.4808163265306122 
 44 7 2.462040816326531 
 14 48 2.443265306122449 
 0 30 2.426938775510204 
 14 1 2.4114285714285715 
 14 34 2.397551020408163 
 14 29 2.3844897959183675 
 14 4 2.3714285714285714 
 14 26 2.3583673469387754 
 14 35 2.3453061224489797 
 14 9 2.3314285714285714 
 37 14 2.3191836734693876 
 42 14 2.306938775510204 
 47 14 2.293877551020408 
 13 14 2.280816326530612 
 14 28 2.2677551020408164 
 12 14 2.253877551020408 
 40 14 2.239183673469388 
 14 15 2.2244897959183674 
