 .. .. 2.537959183673469 
 42 3 2.510204081632653 
 12 38 2.4848979591836735 
 38 35 2.4604081632653063 
 38 2 2.4351020408163264 
 38 17 2.4106122448979592 
 38 45 2.3918367346938774 
 21 38 2.3746938775510205 
 38 10 2.3583673469387754 
 13 38 2.3420408163265307 
 16 38 2.3248979591836734 
 37 38 2.309387755102041 
 38 42 2.293061224489796 
 38 28 2.2775510204081635 
 38 6 2.2620408163265306 
 38 8 2.2457142857142856 
 18 38 2.229387755102041 
 24 38 2.213061224489796 
 38 9 2.196734693877551 
 38 46 2.179591836734694 
 38 41 2.162448979591837 
 14 38 2.146122448979592 
 38 7 2.1297959183673467 
 38 34 2.113469387755102 
 23 38 2.097142857142857 
 38 47 2.08 
