0 40
0 12
1 24
1 40
1 48
1 31
2 24
2 28
3 10
3 26
4 33
4 38
4 10
4 14
4 15
4 18
4 46
5 36
5 45
5 47
5 24
5 27
5 30
5 31
6 34
6 39
6 10
6 12
6 14
6 17
6 18
6 42
7 26
7 43
7 20
7 37
7 15
8 29
8 38
8 31
9 48
9 25
9 35
9 12
9 28
10 11
10 42
11 33
11 35
11 40
11 43
11 47
11 19
11 22
11 26
12 22
12 40
13 40
13 33
13 21
13 37
14 35
14 40
14 48
14 49
14 25
14 28
15 36
15 44
16 42
17 35
17 42
17 48
17 19
17 20
17 31
18 42
18 47
18 39
19 40
19 33
20 25
20 28
21 44
21 39
22 26
22 30
23 41
23 34
23 35
24 47
25 33
25 44
25 49
26 44
26 28
27 41
27 35
27 38
27 45
28 44
28 34
28 31
29 40
29 38
29 31
30 37
31 34
32 44
33 47
34 37
34 41
34 47
36 38
37 46
38 44
40 47
40 49
42 45
44 45
44 47
46 49
48 49
