0 33
0 10
0 28
0 13
0 29
1 3
1 28
1 38
1 39
2 11
2 4
2 21
2 37
3 6
3 40
3 44
3 45
3 15
3 27
4 9
4 26
4 46
5 20
5 47
5 12
5 39
6 35
6 47
7 16
7 33
7 35
7 30
8 9
8 26
8 37
8 46
8 23
9 44
9 42
9 43
10 33
10 12
10 16
10 27
10 30
11 41
12 34
12 43
12 13
12 47
12 26
13 48
13 27
14 25
14 42
14 39
14 43
14 23
15 26
15 44
15 45
16 24
16 43
17 41
17 34
17 30
18 42
18 29
18 39
19 40
19 33
19 34
19 29
19 38
20 45
20 23
21 45
22 37
23 33
24 49
24 28
24 45
25 33
25 41
25 45
25 47
25 49
25 30
25 31
27 36
28 31
29 40
29 42
30 35
30 45
30 47
30 42
31 48
31 45
31 39
32 49
32 44
34 48
34 35
35 37
36 37
37 49
38 43
40 43
40 45
40 49
41 45
41 46
41 47
