 .. .. 2.68 
 2 30 2.639183673469388 
 17 25 2.609795918367347 
 9 30 2.583673469387755 
 0 30 2.5575510204081633 
 30 35 2.532244897959184 
 16 30 2.5061224489795917 
 30 32 2.483265306122449 
 3 30 2.459591836734694 
 7 30 2.4383673469387754 
 45 30 2.416326530612245 
 1 30 2.396734693877551 
 15 30 2.3771428571428572 
 6 30 2.357551020408163 
 8 30 2.3379591836734694 
 23 30 2.317551020408163 
 49 30 2.2979591836734694 
 26 30 2.2791836734693875 
 10 30 2.260408163265306 
 37 30 2.240816326530612 
 21 30 2.2220408163265306 
 30 31 2.202448979591837 
 20 30 2.183673469387755 
 27 30 2.1648979591836737 
 5 30 2.146122448979592 
 42 30 2.126530612244898 
