0 40
0 34
0 43
1 24
1 17
1 18
1 5
1 22
2 49
2 8
2 11
2 40
2 24
2 25
3 24
3 47
3 15
3 7
4 39
5 18
5 19
6 34
6 37
6 38
6 39
6 8
6 42
6 12
6 46
6 15
7 48
7 9
7 38
7 35
8 21
9 35
9 37
9 38
9 39
9 20
9 22
9 28
10 39
10 42
10 12
10 45
10 18
10 21
11 28
11 45
11 30
12 35
12 43
12 16
12 19
12 29
13 32
13 17
13 18
14 44
14 20
14 31
15 41
15 48
15 49
15 21
15 28
16 37
16 40
16 24
16 26
16 27
17 25
19 34
19 48
19 49
19 20
19 21
19 24
19 25
19 37
20 26
21 35
21 38
21 41
22 40
22 39
22 43
23 32
23 43
23 44
24 41
24 44
24 34
24 45
24 27
25 33
25 38
25 42
26 46
27 48
27 38
27 41
27 46
28 33
28 43
28 40
29 36
31 42
31 47
32 49
32 47
33 48
33 34
33 35
34 35
34 46
35 38
35 44
35 49
36 37
37 48
37 43
38 45
38 47
39 49
41 42
42 44
43 45
43 48
44 47
45 48
47 49
