 .. .. 2.9518367346938774 
 43 6 2.890612244897959 
 15 7 2.837551020408163 
 0 5 2.7918367346938777 
 19 0 2.7583673469387757 
 22 7 2.7281632653061223 
 4 7 2.6987755102040816 
 1 7 2.6718367346938776 
 46 7 2.645714285714286 
 20 4 2.620408163265306 
 7 11 2.5951020408163266 
 28 7 2.569795918367347 
 27 7 2.5461224489795917 
 13 7 2.523265306122449 
 16 7 2.500408163265306 
 36 7 2.476734693877551 
 33 7 2.453061224489796 
 2 7 2.430204081632653 
 38 7 2.40734693877551 
 6 7 2.3869387755102043 
 23 7 2.3657142857142857 
 21 7 2.3444897959183675 
 29 7 2.324081632653061 
 35 7 2.3044897959183674 
 42 7 2.2848979591836733 
 7 9 2.2653061224489797 
