 .. .. 3.106938775510204 
 2 7 3.0179591836734696 
 15 35 2.9714285714285715 
 2 9 2.9281632653061225 
 31 35 2.886530612244898 
 18 35 2.844081632653061 
 22 35 2.8057142857142856 
 35 7 2.76734693877551 
 47 35 2.736326530612245 
 48 35 2.7053061224489796 
 34 35 2.6751020408163266 
 29 35 2.646530612244898 
 26 35 2.6187755102040815 
 35 36 2.5910204081632653 
 3 35 2.5648979591836736 
 30 35 2.537959183673469 
 5 35 2.513469387755102 
 6 35 2.488979591836735 
 35 10 2.463673469387755 
 12 35 2.4383673469387754 
 39 35 2.413061224489796 
 13 35 2.3877551020408165 
 8 35 2.363265306122449 
 45 35 2.3379591836734694 
 21 35 2.3134693877551022 
 25 35 2.2889795918367346 
