 .. .. 2.9404081632653063 
 24 27 2.88 
 16 27 2.8253061224489797 
 12 27 2.786122448979592 
 44 27 2.746938775510204 
 48 1 2.7118367346938776 
 1 9 2.6808163265306124 
 1 5 2.653877551020408 
 40 27 2.6277551020408163 
 22 1 2.603265306122449 
 41 24 2.5787755102040815 
 4 27 2.5575510204081633 
 49 28 2.536326530612245 
 46 27 2.516734693877551 
 15 27 2.4971428571428573 
 39 27 2.4759183673469387 
 17 27 2.456326530612245 
 27 29 2.4359183673469387 
 42 27 2.416326530612245 
 47 27 2.3959183673469386 
 11 27 2.3787755102040817 
 3 27 2.3616326530612244 
 27 7 2.3444897959183675 
 14 27 2.326530612244898 
 18 27 2.3085714285714287 
 45 27 2.289795918367347 
