0 9
0 14
0 31
1 22
1 14
2 8
2 11
2 13
2 15
2 16
2 25
3 16
3 24
3 4
3 38
3 23
4 43
4 21
5 19
5 22
6 16
6 9
6 29
7 10
7 27
7 44
7 42
8 36
8 21
9 40
9 20
9 38
10 44
10 42
10 27
10 36
11 34
11 46
11 48
11 20
11 23
12 32
12 35
12 42
12 48
12 19
12 23
12 28
13 25
13 27
13 44
13 46
14 35
14 33
14 44
14 46
14 47
14 48
14 19
14 30
15 24
15 34
15 21
15 31
16 44
16 38
17 18
17 28
17 39
18 40
18 29
20 33
20 34
20 48
20 41
20 25
20 29
21 33
21 46
21 24
22 35
22 37
22 38
22 46
22 49
22 24
22 31
23 38
23 49
23 25
24 37
24 40
25 39
25 43
25 48
26 38
27 43
27 36
28 45
28 46
29 46
29 30
29 31
30 32
30 36
31 42
31 45
32 41
32 44
33 42
34 36
34 47
35 39
38 42
38 43
38 44
40 44
42 48
42 49
43 46
43 49
44 45
44 47
48 49
