0 24
0 32
0 18
0 6
1 33
1 38
1 8
1 14
1 49
1 29
2 24
2 25
2 35
2 28
2 44
3 49
3 34
3 39
4 24
5 18
5 19
5 20
6 25
6 26
6 49
6 23
7 16
7 42
7 21
7 29
8 11
8 35
8 39
9 16
9 13
9 46
10 37
10 43
10 48
10 18
10 20
10 27
11 24
11 45
12 26
12 39
13 27
13 46
13 22
14 26
14 36
15 16
15 48
16 32
16 40
17 41
17 36
17 21
17 30
19 35
19 38
19 46
19 23
19 25
19 27
20 25
20 28
21 24
21 49
21 30
22 25
23 49
24 45
24 31
25 27
26 41
27 34
27 36
27 37
27 38
27 43
28 39
30 49
30 37
31 49
31 42
32 37
32 39
33 45
33 39
34 35
36 49
36 47
37 38
41 48
42 44
42 45
47 49
