 .. .. 2.987755102040816 
 17 4 2.924081632653061 
 41 4 2.876734693877551 
 27 32 2.8351020408163263 
 3 4 2.7951020408163267 
 41 14 2.755918367346939 
 44 4 2.719183673469388 
 2 27 2.6889795918367345 
 42 4 2.660408163265306 
 28 4 2.63265306122449 
 4 6 2.606530612244898 
 12 4 2.5787755102040815 
 22 4 2.5551020408163265 
 37 4 2.5306122448979593 
 46 4 2.5053061224489794 
 20 4 2.4808163265306122 
 33 4 2.459591836734694 
 2 4 2.440816326530612 
 4 9 2.422040816326531 
 13 4 2.4024489795918367 
 4 7 2.3836734693877553 
 26 4 2.364081632653061 
 47 4 2.3444897959183675 
 4 8 2.3257142857142856 
 15 4 2.306122448979592 
 32 4 2.2857142857142856 
