0 34
0 6
0 15
1 2
1 36
1 7
1 46
1 27
1 28
2 3
3 36
3 9
3 45
3 20
3 21
3 28
4 24
4 9
4 34
4 19
4 49
5 32
5 41
5 26
5 31
5 7
6 45
6 39
7 37
7 41
7 15
7 21
7 47
7 28
8 41
8 15
8 16
8 18
8 23
8 31
9 10
9 11
9 44
9 27
10 11
11 35
11 45
11 30
12 41
12 13
12 22
13 49
13 34
13 22
13 31
14 48
14 15
15 32
15 35
15 25
15 30
16 17
16 36
16 23
17 25
17 19
19 44
19 23
19 27
19 29
20 26
20 31
21 33
21 36
21 40
21 35
21 22
22 35
23 36
23 48
24 49
25 48
25 38
25 30
26 48
28 43
29 33
29 47
30 32
30 38
31 39
33 49
33 42
34 40
34 44
34 49
35 38
37 40
37 48
38 41
38 42
38 45
46 47
