0 1
0 34
0 8
0 11
0 47
0 23
0 30
2 48
2 6
3 24
3 48
3 30
3 47
4 34
4 38
4 9
4 10
4 44
4 14
4 48
4 24
5 32
5 36
5 9
5 49
5 24
5 26
7 34
7 39
7 41
7 43
7 45
7 48
7 17
7 18
7 24
8 34
8 37
8 42
8 43
8 14
8 25
10 31
11 47
12 31
12 44
12 29
12 15
13 49
13 45
14 40
14 18
15 25
15 19
15 46
16 18
16 21
17 26
18 35
18 30
18 31
19 29
20 25
20 42
20 31
21 26
21 45
22 49
23 37
23 46
23 31
24 28
25 26
25 35
26 35
26 43
27 40
27 39
29 41
29 45
30 43
31 37
31 43
32 40
32 33
32 43
33 41
34 47
36 44
37 49
39 43
40 41
40 47
42 43
48 49
