 .. .. 2.8579591836734695 
 4 7 2.813877551020408 
 8 9 2.7787755102040816 
 39 7 2.746122448979592 
 43 8 2.7175510204081634 
 33 8 2.68734693877551 
 46 8 2.6563265306122448 
 0 8 2.633469387755102 
 49 25 2.6106122448979594 
 2 8 2.590204081632653 
 26 8 2.569795918367347 
 12 8 2.5493877551020407 
 24 8 2.5281632653061226 
 40 8 2.507755102040816 
 8 10 2.486530612244898 
 6 8 2.4661224489795917 
 42 8 2.4457142857142857 
 14 8 2.427755102040816 
 17 8 2.4089795918367347 
 20 8 2.391020408163265 
 32 8 2.3722448979591837 
 47 8 2.353469387755102 
 8 11 2.3355102040816327 
 13 8 2.317551020408163 
 19 8 2.2987755102040817 
 29 8 2.28 
