0 35
0 5
0 6
0 40
0 16
0 20
1 2
1 11
1 4
1 23
3 9
3 47
4 5
4 38
4 49
4 19
4 31
5 40
6 17
6 33
6 32
7 25
7 19
7 36
8 42
8 11
8 14
9 27
10 17
10 18
10 27
10 20
10 47
11 19
11 40
11 23
12 16
12 18
12 26
13 31
13 21
13 15
14 34
15 34
15 19
15 29
15 21
16 41
16 43
17 48
17 22
17 45
18 39
18 40
18 41
18 24
19 34
19 25
21 40
21 44
21 27
21 30
23 27
23 25
24 48
24 27
24 47
25 43
25 48
25 27
26 41
26 45
27 36
27 45
27 42
28 30
28 31
29 40
29 44
30 35
31 40
33 43
34 48
35 41
35 43
35 45
36 39
36 45
36 37
37 40
38 46
39 41
39 47
41 43
43 47
46 48
47 48
