0 4
0 21
0 38
1 16
1 44
1 34
1 12
1 7
2 24
2 44
2 11
2 28
2 48
3 26
3 14
4 16
4 12
4 40
4 7
5 12
5 29
6 26
6 35
6 22
7 13
7 17
8 42
8 35
8 38
8 14
9 32
9 41
9 10
9 21
10 26
10 37
10 34
10 31
11 37
11 14
12 33
12 31
13 35
13 19
13 14
14 34
14 45
14 49
14 27
15 17
15 18
15 36
15 46
15 25
16 37
16 17
16 47
16 49
18 47
18 39
19 41
20 42
20 29
20 37
21 48
21 23
21 24
21 26
21 30
22 27
22 28
23 34
24 49
24 28
24 31
25 29
26 27
27 48
28 35
28 46
28 31
29 31
30 33
30 47
32 42
32 47
33 36
33 45
33 41
34 49
35 45
35 49
36 43
36 46
37 46
38 45
39 44
39 42
40 48
