 .. .. 2.8636734693877552 
 3 5 2.8114285714285714 
 1 2 2.764081632653061 
 2 4 2.719183673469388 
 20 2 2.68734693877551 
 32 5 2.6555102040816325 
 14 5 2.6244897959183673 
 22 2 2.595918367346939 
 23 5 2.569795918367347 
 16 2 2.544489795918367 
 44 2 2.5191836734693878 
 12 5 2.4971428571428573 
 34 5 2.474285714285714 
 5 9 2.453061224489796 
 36 2 2.4326530612244897 
 5 6 2.4138775510204082 
 24 5 2.3951020408163264 
 35 5 2.3779591836734695 
 16 5 2.3616326530612244 
 5 10 2.3453061224489797 
 47 5 2.3281632653061224 
 25 5 2.31265306122449 
 33 5 2.297142857142857 
 4 5 2.2816326530612243 
 30 5 2.266122448979592 
 38 5 2.250612244897959 
