 .. .. 2.899591836734694 
 14 15 2.840816326530612 
 15 21 2.795918367346939 
 14 5 2.76 
 42 14 2.7232653061224488 
 43 14 2.6889795918367345 
 14 40 2.6612244897959183 
 14 19 2.6318367346938776 
 14 22 2.602448979591837 
 14 32 2.57469387755102 
 38 14 2.5510204081632653 
 44 14 2.5273469387755103 
 14 29 2.5053061224489794 
 47 14 2.483265306122449 
 41 14 2.462040816326531 
 14 6 2.4424489795918367 
 14 25 2.422857142857143 
 39 14 2.4024489795918367 
 14 7 2.382857142857143 
 14 20 2.363265306122449 
 14 18 2.3436734693877552 
 14 23 2.323265306122449 
 14 2 2.303673469387755 
 14 36 2.284081632653061 
 14 26 2.2644897959183674 
 14 4 2.244081632653061 
