0 33
0 37
0 39
0 10
0 46
0 19
1 3
1 29
1 23
2 39
2 9
2 13
2 15
2 49
2 18
2 47
2 30
3 37
3 45
3 16
3 17
3 24
4 21
5 7
5 40
5 43
5 48
5 19
5 21
5 26
5 27
6 28
6 21
6 30
7 27
7 22
8 37
8 40
8 9
8 46
8 15
8 28
9 11
9 45
9 17
9 18
9 19
9 25
10 13
10 14
11 18
11 33
11 46
11 31
12 13
12 15
13 35
13 45
13 28
14 39
15 17
15 20
16 41
17 47
18 42
18 45
18 31
19 49
19 29
20 34
20 38
20 39
20 46
20 26
20 27
21 36
22 33
24 46
25 29
25 49
26 33
26 46
27 28
28 41
28 42
28 48
29 41
29 43
29 31
31 32
31 38
31 44
31 48
31 49
32 42
32 35
32 44
33 49
35 42
36 45
37 47
38 40
39 42
40 48
40 43
