 .. .. 2.5273469387755103 
 22 36 2.4971428571428573 
 38 17 2.467755102040816 
 41 22 2.4448979591836735 
 14 21 2.42530612244898 
 14 26 2.409795918367347 
 22 6 2.394285714285714 
 14 18 2.379591836734694 
 14 8 2.3648979591836734 
 14 7 2.3510204081632655 
 14 4 2.337142857142857 
 37 14 2.323265306122449 
 39 14 2.3102040816326532 
 14 5 2.297142857142857 
 14 32 2.284081632653061 
 14 3 2.270204081632653 
 14 17 2.256326530612245 
 14 27 2.2424489795918365 
 9 14 2.2285714285714286 
 45 14 2.213877551020408 
 14 2 2.199183673469388 
 11 14 2.1844897959183673 
 14 10 2.1697959183673468 
 14 28 2.155918367346939 
 14 6 2.1412244897959183 
 14 15 2.125714285714286 
