 .. .. 3.219591836734694 
 18 20 3.1395918367346938 
 40 45 3.0653061224489795 
 17 18 3.0081632653061225 
 47 30 2.9640816326530612 
 5 30 2.923265306122449 
 14 30 2.8816326530612244 
 30 36 2.8359183673469386 
 26 30 2.797551020408163 
 30 34 2.7575510204081635 
 43 30 2.7175510204081634 
 10 30 2.6783673469387757 
 22 30 2.6481632653061222 
 16 30 2.6195918367346938 
 27 30 2.5893877551020408 
 21 30 2.5616326530612246 
 7 30 2.5346938775510206 
 13 30 2.506938775510204 
 38 30 2.4791836734693877 
 49 30 2.4514285714285715 
 15 30 2.4261224489795916 
 30 33 2.4 
 1 30 2.3755102040816327 
 24 30 2.3518367346938778 
 39 30 2.3289795918367346 
 20 30 2.306122448979592 
