 .. .. 3.159183673469388 
 39 23 3.08 
 39 13 3.015510204081633 
 39 42 2.9648979591836735 
 21 7 2.917551020408163 
 39 26 2.877551020408163 
 38 39 2.8359183673469386 
 14 7 2.7991836734693876 
 39 11 2.764081632653061 
 39 4 2.7322448979591836 
 39 18 2.700408163265306 
 39 25 2.669387755102041 
 39 28 2.639183673469388 
 1 7 2.609795918367347 
 39 19 2.5820408163265305 
 39 0 2.5575510204081633 
 37 39 2.533061224489796 
 20 39 2.5085714285714285 
 17 7 2.4857142857142858 
 39 46 2.462857142857143 
 39 49 2.44 
 39 35 2.4179591836734695 
 39 2 2.3959183673469386 
 39 40 2.373877551020408 
 39 41 2.3510204081632655 
 39 3 2.329795918367347 
